
[0.0, 0, 0, 0, 0, 0, 0, 0, 0, 0, 0, 0, 0, 0, 0, 0, 0, 0, 0, 0, 0, 0, 0, 0, 0, 0, 0, 0, 0, 0, 0, 0, 0, 0, 0, 0, 0, 0, 0, 0, 0, 0, 0, 0, 0, 0, 0, 0, 0, 0, 0, 0, 0, 0, 0, 0, 0, 0, 0, 0, 0, 0, 0, 0, 0, 0, 0, 0, 0, 0, 0, 0, 0, 0, 0, 0, 0, 0, 0, 0, 0, 0, 0, 0, 0, 0, 0, 0, 0, 0, 0, 0, 156, 156, 157, 157, 159, 160, 161, 161, 162, 163, 164, 164, 164, 165, 165, 165, 165, 166, 166, 166, 167, 167, 167, 167, 167, 167, 167, 167, 167, 167, 167, 167, 167, 167, 167, 167, 167, 167, 167, 167, 167, 167, 167, 167, 167, 167, 167, 167, 167, 167, 167, 167, 167, 167, 167, 167, 166, 166, 166, 166, 165, 165, 165, 165, 165, 164, 164, 164, 164, 163, 162, 162, 162, 162, 162, 162, 161, 160, 159, 159, 159, 158, 158, 157, 157, 156, 155, 155, 154, 154, 154, 154, 154, 154, 154, 154, 154, 154, 155, 155, 155, 156, 156, 156, 156, 157, 157, 157, 158, 158, 158, 158, 159, 159, 159, 159, 159, 160, 161, 161, 161, 161, 162, 162, 162, 162, 163, 163, 163, 163, 163, 164, 164, 164, 165, 165, 165, 166, 166, 166, 166, 167, 167, 167, 167, 167, 167, 167, 168, 169, 169, 169, 169, 170, 170, 171, 171, 171, 172, 172, 172, 172, 172, 172, 172, 173, 173, 173, 173, 174, 174, 174, 174, 174, 174, 174, 174, 174, 173, 173, 173, 173, 173, 173, 173, 173, 173, 173, 173, 173, 173, 172, 172, 172, 172, 172, 172, 172, 172, 172, 172, 172, 172, 172, 173, 174, 175, 175, 175, 175, 175, 175, 175, 175, 173, 172, 172, 215, 215, 223, 223, 223, 223, 231, 0, 0, 0, 0, 0]
[7.5, 0, 0, 0, 0, 0, 0, 0, 0, 0, 0, 0, 0, 0, 0, 0, 0, 0, 0, 0, 0, 0, 0, 0, 0, 0, 0, 0, 0, 0, 0, 0, 0, 0, 0, 0, 0, 0, 0, 0, 0, 0, 0, 0, 0, 0, 0, 0, 0, 0, 0, 0, 0, 0, 0, 0, 0, 0, 0, 0, 0, 0, 0, 0, 0, 0, 0, 0, 0, 0, 0, 0, 0, 0, 0, 0, 0, 0, 0, 0, 0, 0, 0, 0, 0, 0, 0, 0, 0, 0, 0, 0, 0, 158, 159, 159, 160, 162, 162, 163, 163, 164, 164, 165, 165, 166, 166, 166, 166, 167, 167, 167, 167, 167, 167, 168, 168, 168, 168, 169, 169, 169, 169, 169, 169, 169, 169, 169, 169, 169, 169, 169, 169, 169, 169, 169, 169, 169, 169, 169, 169, 168, 168, 168, 168, 167, 167, 167, 167, 167, 167, 167, 166, 166, 166, 165, 165, 165, 165, 165, 164, 164, 163, 163, 163, 162, 162, 162, 161, 160, 160, 159, 159, 159, 158, 157, 157, 156, 155, 155, 155, 155, 154, 154, 154, 154, 154, 154, 155, 155, 155, 155, 156, 156, 156, 157, 157, 157, 158, 158, 158, 158, 159, 159, 159, 159, 159, 159, 159, 161, 162, 162, 162, 162, 162, 162, 162, 163, 163, 163, 163, 164, 164, 164, 165, 165, 165, 166, 166, 166, 167, 167, 167, 167, 167, 167, 167, 167, 167, 167, 169, 170, 170, 170, 170, 170, 171, 171, 171, 172, 172, 172, 172, 173, 173, 173, 173, 173, 174, 174, 174, 174, 174, 174, 174, 174, 174, 174, 174, 174, 174, 174, 174, 174, 174, 173, 173, 173, 173, 173, 173, 173, 173, 173, 173, 173, 173, 173, 173, 173, 172, 172, 172, 172, 172, 171, 173, 173, 174, 175, 175, 175, 175, 175, 175, 175, 175, 175, 175, 175, 175, 222, 223, 223, 223, 231, 170, 169, 0, 0, 0]
[15.0, 0, 0, 0, 0, 0, 0, 0, 0, 0, 0, 0, 0, 0, 0, 0, 0, 0, 0, 0, 0, 0, 0, 0, 0, 0, 0, 0, 0, 0, 0, 0, 0, 0, 0, 0, 0, 0, 0, 0, 0, 0, 0, 0, 0, 0, 0, 0, 0, 0, 0, 0, 0, 0, 0, 0, 0, 0, 0, 0, 0, 0, 0, 0, 0, 0, 0, 0, 0, 0, 0, 0, 0, 0, 0, 0, 0, 0, 0, 0, 0, 0, 0, 0, 0, 0, 0, 0, 0, 0, 0, 0, 0, 0, 0, 151, 155, 156, 157, 157, 158, 159, 159, 159, 159, 159, 160, 161, 161, 162, 162, 162, 162, 163, 163, 163, 163, 163, 163, 163, 163, 164, 164, 164, 164, 164, 164, 164, 164, 164, 164, 164, 164, 164, 164, 164, 164, 164, 164, 164, 163, 163, 163, 163, 163, 163, 162, 162, 162, 162, 162, 162, 162, 161, 161, 161, 160, 160, 159, 159, 159, 159, 158, 158, 157, 157, 157, 157, 156, 156, 155, 155, 155, 154, 153, 153, 152, 151, 150, 150, 149, 149, 149, 149, 149, 149, 149, 149, 150, 150, 151, 151, 151, 151, 151, 151, 151, 152, 153, 153, 154, 154, 154, 154, 154, 155, 155, 155, 155, 155, 156, 156, 156, 157, 157, 157, 157, 158, 159, 159, 159, 159, 159, 159, 159, 160, 161, 161, 161, 161, 162, 162, 162, 162, 163, 163, 163, 163, 163, 163, 164, 165, 165, 165, 165, 165, 165, 166, 166, 166, 167, 167, 167, 167, 167, 167, 167, 167, 167, 167, 167, 167, 167, 167, 167, 167, 167, 167, 167, 167, 167, 167, 167, 167, 167, 167, 167, 167, 167, 167, 167, 167, 167, 167, 167, 167, 167, 167, 167, 167, 167, 167, 167, 167, 167, 167, 167, 168, 168, 168, 168, 167, 167, 167, 167, 167, 167, 167, 167, 167, 167, 167, 167, 230, 231, 231, 166, 165, 165, 0, 0]
[22.5, 0, 0, 0, 0, 0, 0, 0, 0, 0, 0, 0, 0, 0, 0, 0, 0, 0, 0, 0, 0, 0, 0, 0, 0, 0, 0, 0, 0, 0, 0, 0, 0, 0, 0, 0, 0, 0, 0, 0, 0, 0, 0, 0, 0, 0, 0, 0, 0, 0, 0, 0, 0, 0, 0, 0, 0, 0, 0, 0, 0, 0, 0, 0, 0, 0, 0, 0, 0, 0, 0, 0, 0, 0, 0, 0, 0, 0, 0, 0, 0, 0, 0, 0, 0, 0, 0, 0, 0, 0, 0, 0, 151, 151, 151, 151, 155, 156, 156, 157, 157, 158, 159, 159, 159, 159, 159, 160, 161, 161, 162, 162, 162, 162, 162, 163, 163, 163, 163, 163, 163, 163, 163, 163, 163, 163, 163, 163, 164, 164, 164, 164, 164, 164, 164, 164, 163, 163, 163, 163, 163, 163, 163, 163, 163, 162, 162, 162, 162, 162, 162, 162, 162, 161, 161, 160, 159, 159, 159, 159, 159, 158, 158, 158, 157, 157, 157, 156, 156, 155, 155, 154, 154, 154, 153, 152, 151, 150, 151, 151, 149, 150, 150, 150, 148, 149, 149, 150, 151, 151, 151, 151, 151, 151, 152, 152, 153, 153, 153, 154, 154, 154, 155, 155, 155, 155, 155, 155, 156, 156, 156, 157, 157, 157, 159, 159, 159, 159, 159, 159, 159, 159, 159, 159, 159, 161, 162, 162, 162, 163, 163, 163, 163, 164, 164, 164, 164, 164, 164, 164, 165, 165, 165, 166, 166, 166, 166, 167, 167, 167, 167, 167, 167, 167, 167, 167, 167, 167, 167, 167, 167, 167, 167, 167, 167, 167, 167, 167, 167, 167, 167, 167, 167, 167, 167, 167, 167, 167, 167, 167, 167, 167, 167, 167, 167, 167, 167, 167, 167, 167, 167, 167, 167, 166, 166, 167, 168, 170, 171, 172, 172, 173, 173, 173, 173, 172, 171, 171, 171, 215, 215, 215, 171, 170, 170, 231, 170, 169, 168, 167, 167]
[30.0, 0, 0, 0, 0, 0, 0, 0, 0, 0, 0, 0, 0, 0, 0, 0, 0, 0, 0, 0, 0, 0, 0, 0, 0, 0, 0, 0, 0, 0, 0, 0, 0, 0, 0, 0, 0, 0, 0, 0, 0, 0, 0, 0, 0, 0, 0, 0, 0, 0, 0, 0, 0, 0, 0, 0, 0, 0, 0, 0, 0, 0, 0, 0, 0, 0, 0, 0, 0, 0, 0, 0, 0, 0, 0, 0, 0, 0, 0, 0, 0, 0, 0, 0, 0, 0, 0, 0, 0, 0, 0, 0, 0, 0, 0, 0, 0, 0, 0, 0, 0, 0, 0, 0, 0, 0, 0, 0, 0, 0, 0, 0, 0, 0, 0, 0, 0, 0, 0, 0, 0, 0, 0, 0, 0, 0, 0, 0, 0, 0, 0, 0, 0, 0, 0, 0, 0, 0, 0, 0, 0, 0, 0, 0, 0, 0, 0, 0, 0, 0, 0, 0, 0, 0, 0, 0, 0, 0, 0, 0, 0, 0, 0, 0, 0, 0, 0, 0, 0, 0, 0, 0, 0, 0, 0, 0, 0, 0, 0, 0, 0, 0, 0, 0, 0, 0, 0, 0, 0, 0, 0, 0, 0, 0, 0, 0, 0, 0, 0, 0, 0, 0, 0, 0, 0, 0, 0, 0, 0, 0, 0, 0, 0, 0, 0, 0, 0, 0, 0, 0, 0, 0, 0, 0, 0, 0, 0, 0, 0, 0, 0, 0, 0, 0, 0, 0, 0, 0, 0, 0, 0, 0, 0, 0, 0, 0, 0, 0, 0, 0, 0, 0, 0, 0, 0, 0, 0, 0, 0, 0, 0, 0, 0, 0, 0, 0, 0, 0, 0, 0, 0, 0, 0, 0, 0, 0, 0, 0, 0, 0, 0, 0, 0, 0, 0, 0, 0, 0, 0, 0, 0, 0, 0, 0, 0, 0, 0, 0, 0, 0, 0, 0, 0, 0, 0, 0, 0, 0, 0, 0, 0, 0, 0, 0, 0, 0, 0, 0, 0, 0, 0]
[37.5, 0, 0, 0, 0, 0, 0, 0, 0, 0, 0, 0, 0, 0, 0, 0, 0, 0, 0, 0, 0, 0, 0, 0, 0, 0, 0, 0, 0, 0, 0, 0, 0, 0, 0, 0, 0, 0, 0, 0, 0, 0, 0, 0, 0, 0, 0, 0, 0, 0, 0, 0, 0, 0, 0, 0, 0, 0, 0, 0, 0, 0, 0, 0, 0, 0, 0, 0, 0, 0, 0, 0, 0, 0, 0, 0, 0, 0, 0, 0, 0, 0, 0, 0, 0, 0, 0, 0, 0, 0, 150, 151, 153, 153, 154, 154, 156, 157, 157, 158, 158, 159, 159, 159, 159, 161, 161, 162, 162, 162, 162, 162, 163, 163, 163, 163, 163, 163, 163, 164, 164, 164, 164, 164, 164, 164, 164, 164, 164, 164, 164, 164, 164, 164, 164, 164, 164, 164, 164, 164, 164, 164, 164, 163, 163, 163, 163, 163, 163, 163, 163, 163, 163, 162, 162, 162, 162, 162, 161, 161, 160, 159, 159, 159, 159, 159, 159, 159, 159, 159, 157, 157, 156, 156, 156, 155, 155, 154, 153, 153, 153, 153, 153, 153, 153, 153, 153, 153, 153, 153, 153, 153, 154, 155, 155, 155, 156, 156, 156, 157, 157, 157, 157, 157, 158, 158, 158, 158, 159, 159, 159, 160, 160, 161, 161, 162, 162, 163, 163, 163, 163, 163, 163, 163, 163, 163, 164, 164, 164, 164, 164, 165, 165, 165, 165, 166, 166, 166, 166, 166, 166, 166, 166, 166, 166, 167, 167, 167, 167, 167, 167, 167, 167, 167, 167, 167, 169, 170, 170, 170, 170, 170, 170, 170, 170, 170, 170, 170, 170, 170, 170, 170, 171, 171, 171, 171, 171, 171, 171, 171, 171, 171, 171, 171, 171, 171, 171, 171, 171, 169, 167, 167, 167, 167, 167, 169, 169, 170, 170, 171, 171, 172, 172, 191, 172, 172, 172, 172, 172, 215, 215, 223, 223, 223, 223, 231, 171, 171, 170, 0, 0]
[45.0, 0, 0, 0, 0, 0, 0, 0, 0, 0, 0, 0, 0, 0, 0, 0, 0, 0, 0, 0, 0, 0, 0, 0, 0, 0, 0, 0, 0, 0, 0, 0, 0, 0, 0, 0, 0, 0, 0, 0, 0, 0, 0, 0, 0, 0, 0, 0, 0, 0, 0, 0, 0, 0, 0, 0, 0, 0, 0, 0, 0, 0, 0, 0, 0, 0, 0, 0, 0, 0, 0, 0, 0, 0, 0, 0, 0, 0, 0, 0, 0, 0, 0, 0, 0, 0, 0, 0, 0, 0, 0, 152, 155, 155, 156, 156, 157, 158, 158, 159, 159, 160, 161, 162, 162, 162, 163, 163, 163, 163, 163, 163, 164, 164, 165, 165, 165, 165, 165, 165, 165, 165, 165, 165, 165, 165, 165, 165, 165, 165, 165, 165, 165, 165, 165, 165, 165, 165, 165, 165, 165, 165, 165, 165, 165, 164, 164, 164, 164, 164, 164, 164, 163, 163, 163, 163, 162, 162, 162, 162, 162, 160, 159, 159, 159, 159, 159, 159, 159, 159, 159, 158, 157, 157, 157, 156, 156, 155, 154, 154, 154, 155, 155, 155, 155, 155, 155, 155, 155, 155, 155, 155, 155, 155, 159, 159, 159, 157, 157, 158, 158, 158, 158, 158, 158, 158, 158, 159, 159, 160, 161, 161, 161, 162, 162, 163, 163, 163, 163, 164, 164, 164, 164, 164, 164, 167, 167, 167, 167, 167, 167, 167, 167, 167, 167, 167, 167, 167, 167, 167, 167, 168, 169, 169, 169, 169, 169, 170, 170, 170, 170, 170, 170, 170, 170, 170, 171, 171, 172, 172, 172, 172, 172, 172, 172, 172, 172, 172, 172, 172, 172, 172, 172, 172, 172, 172, 172, 172, 172, 172, 172, 172, 172, 172, 172, 172, 172, 172, 172, 171, 171, 170, 170, 169, 169, 170, 170, 175, 175, 175, 175, 173, 172, 171, 171, 172, 172, 173, 173, 215, 215, 223, 223, 223, 231, 231, 231, 172, 171, 171, 171]
[52.5, 0, 0, 0, 0, 0, 0, 0, 0, 0, 0, 0, 0, 0, 0, 0, 0, 0, 0, 0, 0, 0, 0, 0, 0, 0, 0, 0, 0, 0, 0, 0, 0, 0, 0, 0, 0, 0, 0, 0, 0, 0, 0, 0, 0, 0, 0, 0, 0, 0, 0, 0, 0, 0, 0, 0, 0, 0, 0, 0, 0, 0, 0, 0, 0, 0, 0, 0, 0, 0, 0, 0, 0, 0, 0, 0, 0, 0, 0, 0, 0, 0, 0, 0, 0, 0, 0, 0, 0, 0, 0, 0, 151, 151, 151, 151, 154, 155, 156, 156, 157, 157, 157, 158, 158, 159, 159, 159, 159, 159, 159, 159, 161, 162, 162, 162, 162, 162, 162, 162, 162, 162, 162, 163, 163, 163, 163, 163, 163, 163, 163, 163, 163, 163, 163, 163, 163, 163, 163, 163, 163, 163, 163, 162, 162, 162, 161, 161, 161, 161, 161, 161, 161, 161, 160, 159, 159, 159, 159, 159, 159, 158, 157, 157, 157, 157, 157, 157, 156, 156, 156, 155, 155, 154, 154, 154, 154, 152, 151, 151, 151, 151, 151, 151, 151, 151, 151, 151, 151, 151, 151, 151, 151, 154, 154, 155, 155, 155, 155, 156, 156, 156, 156, 156, 156, 157, 157, 157, 159, 159, 159, 159, 159, 159, 159, 159, 159, 159, 159, 159, 159, 160, 160, 161, 162, 163, 163, 163, 163, 163, 163, 164, 164, 164, 164, 164, 164, 165, 165, 165, 167, 167, 167, 167, 167, 167, 166, 166, 166, 166, 166, 166, 166, 167, 167, 167, 167, 167, 167, 167, 167, 167, 167, 167, 167, 167, 167, 167, 167, 167, 167, 167, 167, 167, 167, 167, 167, 167, 167, 167, 167, 167, 167, 167, 167, 167, 167, 167, 167, 166, 166, 166, 166, 166, 166, 166, 166, 170, 170, 170, 170, 169, 169, 167, 170, 171, 171, 171, 171, 171, 215, 223, 223, 223, 223, 231, 171, 171, 171, 0, 233]
[60.0, 0, 0, 0, 0, 0, 0, 0, 0, 0, 0, 0, 0, 0, 0, 0, 0, 0, 0, 0, 0, 0, 0, 0, 0, 0, 0, 0, 0, 0, 0, 0, 0, 0, 0, 0, 0, 0, 0, 0, 0, 0, 0, 0, 0, 0, 0, 0, 0, 0, 0, 0, 0, 0, 0, 0, 0, 0, 0, 0, 0, 0, 0, 0, 0, 0, 0, 0, 0, 0, 0, 0, 0, 0, 0, 0, 0, 0, 0, 0, 0, 0, 0, 0, 0, 0, 0, 0, 0, 0, 0, 147, 150, 151, 151, 151, 152, 155, 155, 155, 156, 156, 157, 157, 158, 158, 158, 159, 159, 159, 159, 159, 159, 161, 161, 161, 161, 161, 161, 161, 161, 162, 162, 162, 162, 162, 162, 162, 162, 162, 162, 162, 162, 162, 162, 162, 162, 162, 162, 162, 162, 162, 162, 162, 161, 160, 159, 159, 159, 159, 159, 159, 159, 159, 159, 159, 159, 159, 159, 159, 158, 158, 157, 157, 157, 157, 156, 156, 156, 156, 155, 155, 154, 154, 153, 153, 152, 151, 151, 151, 151, 151, 150, 150, 150, 150, 150, 151, 151, 151, 151, 151, 151, 152, 153, 153, 153, 154, 154, 155, 155, 155, 155, 156, 156, 156, 156, 156, 156, 157, 157, 158, 158, 158, 158, 159, 159, 159, 159, 159, 159, 159, 159, 159, 159, 161, 162, 162, 162, 163, 163, 163, 163, 163, 163, 164, 164, 164, 164, 164, 164, 165, 165, 165, 165, 165, 165, 166, 166, 166, 166, 166, 166, 166, 166, 166, 167, 167, 167, 167, 167, 167, 167, 167, 167, 167, 167, 167, 167, 167, 167, 167, 167, 167, 167, 167, 167, 167, 167, 167, 167, 167, 167, 167, 167, 167, 167, 167, 167, 167, 166, 166, 166, 167, 167, 167, 167, 170, 170, 170, 170, 169, 190, 191, 191, 170, 204, 170, 170, 215, 215, 223, 223, 223, 231, 231, 231, 170, 170, 0, 170]
[67.5, 0, 0, 0, 0, 0, 0, 0, 0, 0, 0, 0, 0, 0, 0, 0, 0, 0, 0, 0, 0, 0, 0, 0, 0, 0, 0, 0, 0, 0, 0, 0, 0, 0, 0, 0, 0, 0, 0, 0, 0, 0, 0, 0, 0, 0, 0, 0, 0, 0, 0, 0, 0, 0, 0, 0, 0, 0, 0, 0, 0, 0, 0, 0, 0, 0, 0, 0, 0, 0, 0, 0, 0, 0, 0, 0, 0, 0, 0, 0, 0, 0, 0, 0, 0, 0, 0, 0, 0, 0, 0, 143, 146, 147, 148, 149, 150, 151, 151, 151, 151, 154, 154, 154, 154, 155, 155, 156, 156, 156, 157, 157, 157, 157, 158, 158, 158, 158, 158, 158, 158, 158, 158, 158, 158, 159, 159, 159, 159, 159, 159, 159, 159, 159, 159, 159, 159, 159, 159, 159, 159, 159, 159, 159, 159, 159, 159, 159, 158, 159, 158, 158, 158, 158, 157, 157, 157, 157, 157, 157, 157, 156, 155, 155, 155, 155, 155, 155, 154, 154, 154, 153, 153, 152, 151, 151, 151, 151, 149, 149, 149, 149, 148, 148, 148, 148, 148, 148, 149, 149, 149, 150, 150, 150, 150, 150, 150, 151, 151, 151, 151, 153, 153, 154, 154, 155, 155, 155, 155, 156, 156, 156, 156, 156, 157, 157, 157, 157, 158, 158, 159, 159, 159, 159, 159, 159, 159, 159, 159, 159, 159, 160, 161, 162, 162, 163, 163, 163, 163, 163, 163, 163, 163, 163, 163, 163, 163, 163, 163, 164, 164, 164, 164, 164, 164, 164, 164, 165, 165, 165, 165, 165, 165, 165, 165, 165, 165, 165, 165, 165, 165, 165, 165, 166, 166, 166, 166, 165, 165, 165, 165, 165, 165, 165, 165, 165, 165, 165, 164, 163, 162, 163, 163, 164, 164, 164, 164, 165, 165, 164, 164, 164, 191, 191, 191, 163, 199, 199, 163, 215, 215, 223, 223, 223, 231, 231, 231, 163, 163, 0, 0]
[75.0, 0, 0, 0, 0, 0, 0, 0, 0, 0, 0, 0, 0, 0, 0, 0, 0, 0, 0, 0, 0, 0, 0, 0, 0, 0, 0, 0, 0, 0, 0, 0, 0, 0, 0, 0, 0, 0, 0, 0, 0, 0, 0, 0, 0, 0, 0, 0, 0, 0, 0, 0, 0, 0, 0, 0, 0, 0, 0, 0, 0, 0, 0, 0, 0, 0, 0, 0, 0, 0, 0, 0, 0, 0, 0, 0, 0, 0, 0, 0, 0, 0, 0, 0, 0, 0, 0, 0, 0, 0, 143, 143, 147, 147, 148, 149, 150, 151, 151, 152, 153, 154, 154, 155, 155, 156, 156, 156, 156, 156, 156, 157, 157, 158, 158, 158, 158, 158, 158, 158, 158, 159, 159, 159, 159, 159, 159, 159, 159, 159, 159, 159, 159, 159, 159, 159, 159, 159, 159, 159, 159, 159, 159, 159, 159, 159, 158, 158, 158, 158, 158, 158, 158, 158, 157, 157, 157, 159, 159, 156, 156, 156, 156, 156, 156, 156, 156, 155, 155, 155, 154, 154, 153, 153, 153, 153, 151, 151, 150, 150, 149, 149, 149, 149, 149, 149, 149, 149, 149, 150, 150, 150, 151, 151, 151, 151, 151, 152, 152, 153, 153, 154, 154, 154, 154, 155, 155, 155, 155, 156, 156, 156, 156, 157, 157, 157, 157, 157, 157, 158, 158, 159, 159, 159, 159, 159, 159, 159, 159, 159, 159, 160, 161, 162, 162, 163, 163, 163, 163, 163, 163, 164, 164, 164, 164, 165, 165, 165, 165, 165, 165, 165, 165, 165, 165, 165, 165, 167, 167, 167, 167, 167, 167, 167, 167, 167, 167, 167, 167, 167, 167, 167, 167, 167, 167, 167, 167, 167, 167, 167, 167, 167, 167, 166, 166, 166, 166, 166, 165, 164, 162, 163, 163, 164, 164, 164, 164, 164, 164, 164, 163, 163, 163, 191, 162, 162, 199, 199, 161, 215, 215, 223, 223, 223, 231, 231, 231, 161, 161, 0, 0]
[82.5, 0, 0, 0, 0, 0, 0, 0, 0, 0, 0, 0, 0, 0, 0, 0, 0, 0, 0, 0, 0, 0, 0, 0, 0, 0, 0, 0, 0, 0, 0, 0, 0, 0, 0, 0, 0, 0, 0, 0, 0, 0, 0, 0, 0, 0, 0, 0, 0, 0, 0, 0, 0, 0, 0, 0, 0, 0, 0, 0, 0, 0, 0, 0, 0, 0, 0, 0, 0, 0, 0, 0, 0, 0, 0, 0, 0, 0, 0, 0, 0, 0, 0, 0, 0, 0, 0, 0, 0, 143, 143, 143, 146, 147, 148, 149, 151, 151, 151, 153, 154, 154, 154, 155, 155, 155, 155, 156, 156, 157, 157, 157, 157, 158, 158, 158, 158, 158, 158, 158, 159, 159, 159, 159, 159, 159, 159, 159, 159, 159, 159, 159, 159, 159, 159, 159, 159, 159, 159, 159, 159, 159, 159, 159, 159, 159, 158, 159, 159, 159, 159, 159, 159, 159, 159, 159, 159, 159, 159, 159, 157, 156, 156, 156, 156, 156, 156, 155, 155, 155, 154, 154, 153, 153, 151, 151, 151, 151, 150, 150, 149, 149, 149, 149, 149, 149, 149, 149, 149, 149, 150, 150, 150, 151, 151, 151, 151, 151, 151, 153, 153, 154, 154, 155, 155, 155, 155, 155, 156, 156, 156, 157, 157, 157, 157, 157, 157, 158, 158, 159, 159, 159, 159, 159, 159, 159, 159, 159, 159, 160, 160, 161, 161, 162, 162, 162, 162, 163, 163, 163, 163, 164, 164, 164, 164, 164, 164, 164, 164, 165, 165, 165, 165, 165, 165, 165, 166, 166, 167, 167, 167, 167, 167, 167, 167, 167, 167, 167, 167, 167, 167, 167, 167, 167, 167, 167, 167, 167, 167, 167, 167, 167, 167, 166, 166, 166, 166, 166, 165, 164, 163, 163, 163, 164, 164, 166, 167, 167, 165, 165, 164, 164, 163, 191, 163, 163, 164, 164, 164, 215, 215, 223, 223, 223, 231, 231, 231, 0, 0, 0, 0]
[90.0, 0, 0, 0, 0, 0, 0, 0, 0, 0, 0, 0, 0, 0, 0, 0, 0, 0, 0, 0, 0, 0, 0, 0, 0, 0, 0, 0, 0, 0, 0, 0, 0, 0, 0, 0, 0, 0, 0, 0, 0, 0, 0, 0, 0, 0, 0, 0, 0, 0, 0, 0, 0, 0, 0, 0, 0, 0, 0, 0, 0, 0, 0, 0, 0, 0, 0, 0, 0, 0, 0, 0, 0, 0, 0, 0, 0, 0, 0, 0, 0, 0, 0, 0, 0, 0, 0, 0, 0, 0, 0, 143, 146, 148, 149, 151, 151, 151, 151, 151, 154, 154, 155, 155, 155, 155, 156, 156, 157, 157, 157, 157, 157, 158, 158, 158, 158, 158, 158, 159, 159, 159, 159, 159, 159, 159, 159, 159, 159, 159, 159, 159, 159, 159, 159, 159, 159, 159, 159, 159, 159, 159, 159, 159, 159, 159, 159, 159, 159, 159, 159, 159, 159, 159, 159, 159, 159, 158, 157, 157, 157, 157, 157, 157, 157, 156, 156, 156, 156, 156, 155, 155, 153, 151, 151, 151, 151, 151, 150, 150, 149, 149, 149, 149, 149, 149, 149, 149, 149, 150, 151, 151, 151, 151, 151, 151, 151, 151, 151, 153, 153, 154, 154, 155, 155, 155, 155, 155, 156, 156, 156, 156, 156, 157, 157, 157, 158, 158, 159, 159, 159, 159, 159, 159, 159, 159, 160, 160, 160, 161, 161, 161, 161, 162, 162, 162, 162, 162, 162, 162, 163, 163, 164, 164, 164, 164, 164, 164, 164, 165, 165, 166, 166, 167, 167, 167, 167, 167, 167, 167, 167, 166, 166, 166, 166, 166, 166, 165, 165, 165, 165, 165, 166, 166, 167, 167, 167, 167, 167, 166, 166, 166, 166, 166, 166, 165, 165, 165, 165, 164, 163, 164, 164, 164, 164, 165, 165, 165, 175, 175, 175, 164, 164, 191, 163, 163, 205, 199, 163, 215, 215, 223, 223, 223, 231, 231, 231, 163, 0, 0, 0]
[97.5, 0, 0, 0, 0, 0, 0, 0, 0, 0, 0, 0, 0, 0, 0, 0, 0, 0, 0, 0, 0, 0, 0, 0, 0, 0, 0, 0, 0, 0, 0, 0, 0, 0, 0, 0, 0, 0, 0, 0, 0, 0, 0, 0, 0, 0, 0, 0, 0, 0, 0, 0, 0, 0, 0, 0, 0, 0, 0, 0, 0, 0, 0, 0, 0, 0, 0, 0, 0, 0, 0, 0, 0, 0, 0, 0, 0, 0, 0, 0, 0, 0, 0, 0, 0, 0, 0, 0, 0, 0, 0, 0, 143, 143, 143, 143, 145, 147, 148, 149, 149, 150, 151, 151, 151, 151, 151, 152, 153, 153, 154, 154, 154, 155, 155, 155, 155, 155, 155, 155, 155, 156, 156, 156, 156, 156, 156, 156, 156, 156, 156, 156, 156, 156, 156, 156, 156, 156, 156, 156, 156, 156, 156, 156, 155, 155, 155, 155, 155, 154, 154, 154, 154, 154, 154, 154, 154, 154, 153, 153, 152, 151, 151, 151, 151, 151, 151, 151, 151, 150, 149, 149, 149, 148, 148, 148, 147, 147, 145, 145, 145, 145, 145, 145, 145, 145, 145, 145, 145, 145, 145, 145, 146, 147, 147, 148, 148, 148, 148, 148, 149, 149, 149, 149, 150, 150, 150, 151, 151, 151, 151, 151, 151, 151, 151, 153, 153, 154, 154, 155, 155, 155, 155, 155, 155, 156, 156, 156, 156, 156, 156, 157, 157, 157, 158, 158, 159, 159, 159, 159, 159, 159, 159, 159, 159, 159, 159, 159, 159, 159, 159, 159, 159, 160, 160, 161, 161, 161, 161, 161, 161, 161, 161, 161, 161, 161, 161, 161, 161, 161, 161, 161, 161, 162, 162, 162, 162, 162, 162, 162, 162, 161, 161, 161, 161, 161, 161, 161, 160, 159, 159, 159, 159, 161, 164, 167, 167, 167, 175, 175, 175, 163, 159, 159, 159, 199, 207, 199, 163, 214, 215, 223, 223, 223, 231, 231, 0, 0, 0, 0, 0]
[105.0, 0, 0, 0, 0, 0, 0, 0, 0, 0, 0, 0, 0, 0, 0, 0, 0, 0, 0, 0, 0, 0, 0, 0, 0, 0, 0, 0, 0, 0, 0, 0, 0, 0, 0, 0, 0, 0, 0, 0, 0, 0, 0, 0, 0, 0, 0, 0, 0, 0, 0, 0, 0, 0, 0, 0, 0, 0, 0, 0, 0, 0, 0, 0, 0, 0, 0, 0, 0, 0, 0, 0, 0, 0, 0, 0, 0, 0, 0, 0, 0, 0, 0, 0, 0, 0, 0, 0, 0, 0, 0, 0, 143, 143, 143, 143, 145, 147, 148, 148, 149, 150, 150, 151, 151, 151, 152, 153, 153, 153, 153, 153, 153, 154, 154, 154, 154, 155, 155, 155, 155, 155, 155, 156, 156, 156, 156, 156, 156, 156, 156, 156, 156, 156, 156, 156, 156, 156, 156, 156, 156, 156, 156, 155, 155, 155, 155, 155, 155, 154, 154, 154, 154, 154, 154, 154, 153, 153, 153, 153, 151, 151, 151, 151, 151, 150, 150, 149, 149, 148, 148, 148, 147, 147, 147, 146, 146, 145, 143, 143, 143, 143, 143, 143, 143, 144, 144, 145, 145, 146, 146, 146, 146, 146, 146, 147, 147, 147, 147, 148, 149, 149, 149, 150, 150, 150, 150, 150, 151, 151, 151, 151, 151, 151, 151, 153, 153, 154, 154, 154, 154, 154, 154, 155, 155, 155, 156, 156, 156, 156, 156, 156, 157, 157, 157, 158, 158, 159, 159, 159, 159, 159, 159, 159, 159, 159, 159, 159, 159, 159, 159, 159, 159, 159, 159, 159, 160, 161, 161, 161, 161, 161, 161, 161, 161, 161, 161, 161, 161, 161, 161, 161, 161, 161, 161, 161, 161, 161, 161, 161, 161, 161, 161, 161, 161, 161, 161, 161, 161, 159, 158, 158, 160, 162, 164, 165, 166, 167, 175, 175, 175, 163, 191, 191, 191, 199, 205, 199, 199, 215, 215, 223, 223, 223, 231, 231, 231, 163, 0, 0, 0]
[112.5, 0, 0, 0, 0, 0, 0, 0, 0, 0, 0, 0, 0, 0, 0, 0, 0, 0, 0, 0, 0, 0, 0, 0, 0, 0, 0, 0, 0, 0, 0, 0, 0, 0, 0, 0, 0, 0, 0, 0, 0, 0, 0, 0, 0, 0, 0, 0, 0, 0, 0, 0, 0, 0, 0, 0, 0, 0, 0, 0, 0, 0, 0, 0, 0, 0, 0, 0, 0, 0, 0, 0, 0, 0, 0, 0, 0, 0, 0, 0, 0, 0, 0, 0, 0, 0, 0, 0, 0, 0, 0, 0, 0, 141, 142, 142, 145, 146, 147, 148, 148, 149, 149, 150, 150, 151, 151, 151, 151, 151, 151, 151, 152, 154, 154, 154, 154, 154, 154, 154, 154, 155, 155, 155, 155, 155, 155, 155, 155, 155, 155, 155, 155, 155, 155, 155, 155, 155, 155, 155, 155, 155, 155, 155, 155, 154, 154, 154, 154, 154, 154, 154, 154, 153, 153, 153, 152, 151, 151, 151, 151, 151, 151, 150, 150, 149, 149, 149, 148, 148, 148, 147, 147, 146, 146, 146, 145, 143, 143, 143, 143, 143, 142, 142, 142, 142, 142, 142, 143, 143, 143, 143, 143, 144, 145, 145, 145, 146, 146, 146, 146, 147, 147, 147, 147, 148, 148, 148, 148, 148, 151, 151, 151, 151, 151, 151, 151, 151, 151, 151, 151, 151, 151, 151, 153, 154, 154, 154, 154, 155, 155, 155, 155, 155, 155, 155, 155, 156, 156, 156, 156, 156, 159, 159, 159, 159, 159, 158, 158, 158, 158, 158, 158, 158, 158, 158, 159, 159, 159, 159, 159, 159, 159, 159, 159, 159, 159, 159, 159, 159, 159, 159, 159, 159, 159, 159, 159, 159, 159, 159, 159, 159, 159, 159, 159, 159, 159, 159, 159, 158, 158, 158, 160, 162, 164, 165, 166, 167, 175, 175, 175, 163, 161, 161, 161, 199, 199, 199, 207, 215, 215, 223, 223, 231, 231, 231, 0, 0, 0, 0, 0]
[120.0, 0, 0, 0, 0, 0, 0, 0, 0, 0, 0, 0, 0, 0, 0, 0, 0, 0, 0, 0, 0, 0, 0, 0, 0, 0, 0, 0, 0, 0, 0, 0, 0, 0, 0, 0, 0, 0, 0, 0, 0, 0, 0, 0, 0, 0, 0, 0, 0, 0, 0, 0, 0, 0, 0, 0, 0, 0, 0, 0, 0, 0, 0, 0, 0, 0, 0, 0, 0, 0, 0, 0, 0, 0, 0, 0, 0, 0, 0, 0, 0, 0, 0, 0, 0, 0, 0, 0, 0, 0, 0, 0, 140, 141, 142, 142, 143, 146, 146, 147, 147, 148, 149, 149, 149, 150, 150, 151, 151, 151, 151, 151, 151, 152, 153, 153, 153, 153, 153, 153, 154, 154, 154, 154, 154, 154, 154, 154, 154, 154, 154, 154, 154, 154, 154, 154, 154, 154, 154, 154, 154, 154, 154, 154, 154, 153, 153, 153, 153, 152, 152, 152, 151, 151, 151, 151, 151, 151, 151, 151, 150, 150, 149, 149, 149, 149, 149, 148, 148, 148, 147, 147, 146, 146, 145, 145, 144, 143, 143, 143, 143, 142, 142, 142, 142, 142, 142, 142, 143, 143, 143, 143, 143, 144, 145, 145, 145, 146, 146, 147, 147, 147, 147, 148, 148, 148, 148, 148, 148, 148, 149, 149, 149, 150, 150, 150, 150, 151, 151, 151, 151, 151, 151, 151, 151, 154, 154, 154, 154, 154, 154, 155, 155, 155, 155, 155, 155, 155, 155, 156, 156, 156, 156, 157, 157, 157, 157, 158, 158, 158, 158, 158, 158, 158, 158, 158, 158, 159, 159, 159, 159, 159, 159, 159, 159, 159, 159, 159, 159, 159, 159, 159, 159, 159, 159, 159, 159, 159, 159, 159, 159, 159, 159, 159, 159, 159, 159, 159, 159, 159, 156, 159, 159, 159, 163, 164, 167, 167, 175, 175, 175, 161, 191, 191, 159, 199, 199, 207, 207, 215, 223, 223, 223, 223, 231, 231, 0, 0, 0, 0, 0]
[127.5, 0, 0, 0, 0, 0, 0, 0, 0, 0, 0, 0, 0, 0, 0, 0, 0, 0, 0, 0, 0, 0, 0, 0, 0, 0, 0, 0, 0, 0, 0, 0, 0, 0, 0, 0, 0, 0, 0, 0, 0, 0, 0, 0, 0, 0, 0, 0, 0, 0, 0, 0, 0, 0, 0, 0, 0, 0, 0, 0, 0, 0, 0, 0, 0, 0, 0, 0, 0, 0, 0, 0, 0, 0, 0, 0, 0, 0, 0, 0, 0, 0, 0, 0, 0, 0, 0, 0, 0, 0, 0, 0, 0, 137, 138, 139, 141, 143, 151, 145, 146, 146, 147, 147, 148, 149, 149, 149, 150, 150, 150, 150, 150, 151, 151, 151, 151, 151, 151, 151, 151, 151, 152, 153, 153, 153, 153, 153, 153, 153, 153, 153, 153, 153, 153, 153, 153, 153, 153, 153, 153, 152, 152, 152, 151, 151, 151, 151, 151, 151, 151, 151, 151, 151, 151, 150, 150, 150, 149, 149, 149, 149, 147, 147, 147, 147, 147, 147, 147, 146, 146, 145, 144, 143, 143, 143, 143, 141, 141, 141, 140, 140, 140, 140, 140, 140, 140, 140, 140, 141, 141, 141, 141, 142, 143, 143, 143, 143, 143, 144, 144, 145, 145, 145, 145, 146, 146, 146, 146, 147, 147, 147, 147, 148, 148, 148, 149, 149, 149, 150, 150, 151, 151, 151, 151, 151, 151, 152, 152, 152, 152, 153, 153, 153, 153, 154, 154, 154, 154, 154, 154, 155, 155, 155, 155, 156, 156, 156, 156, 156, 156, 157, 157, 158, 158, 159, 159, 159, 159, 159, 159, 159, 159, 159, 159, 159, 159, 159, 159, 159, 159, 159, 159, 159, 159, 159, 159, 158, 158, 157, 157, 157, 157, 157, 157, 157, 157, 156, 156, 156, 156, 156, 157, 158, 159, 167, 167, 167, 175, 175, 175, 159, 159, 191, 159, 199, 199, 207, 207, 215, 223, 223, 223, 231, 231, 231, 0, 0, 0, 0, 0]
[135.0, 0, 0, 0, 0, 0, 0, 0, 0, 0, 0, 0, 0, 0, 0, 0, 0, 0, 0, 0, 0, 0, 0, 0, 0, 0, 0, 0, 0, 0, 0, 0, 0, 0, 0, 0, 0, 0, 0, 0, 0, 0, 0, 0, 0, 0, 0, 0, 0, 0, 0, 0, 0, 0, 0, 0, 0, 0, 0, 0, 0, 0, 0, 0, 0, 0, 0, 0, 0, 0, 0, 0, 0, 0, 0, 0, 0, 0, 0, 0, 0, 0, 0, 0, 0, 0, 0, 0, 0, 0, 0, 0, 0, 135, 135, 135, 138, 140, 141, 141, 142, 143, 143, 143, 144, 145, 146, 146, 146, 146, 146, 147, 147, 148, 148, 148, 148, 148, 148, 148, 148, 148, 149, 149, 149, 149, 149, 149, 149, 149, 149, 149, 149, 149, 149, 149, 149, 149, 149, 149, 149, 149, 149, 149, 149, 149, 148, 148, 148, 148, 148, 148, 147, 147, 147, 147, 147, 147, 146, 146, 146, 146, 143, 143, 143, 143, 143, 143, 143, 143, 143, 142, 142, 141, 141, 141, 141, 140, 139, 139, 139, 139, 138, 138, 138, 138, 138, 138, 138, 139, 139, 139, 139, 143, 143, 143, 142, 141, 141, 141, 141, 142, 142, 142, 142, 143, 143, 143, 143, 144, 145, 145, 145, 146, 146, 146, 146, 147, 147, 147, 147, 148, 148, 148, 148, 151, 151, 151, 149, 149, 149, 149, 149, 149, 149, 150, 150, 150, 150, 151, 151, 151, 151, 151, 151, 151, 151, 151, 151, 153, 153, 154, 154, 154, 154, 154, 154, 155, 155, 155, 155, 155, 155, 155, 155, 155, 155, 155, 155, 155, 155, 155, 155, 155, 155, 155, 155, 154, 154, 154, 154, 154, 154, 153, 153, 153, 153, 153, 152, 151, 151, 154, 158, 159, 159, 167, 167, 167, 175, 175, 175, 153, 191, 191, 191, 199, 199, 207, 207, 215, 215, 223, 223, 231, 231, 231, 0, 0, 0, 0, 0]
[142.5, 0, 0, 0, 0, 0, 0, 0, 0, 0, 0, 0, 0, 0, 0, 0, 0, 0, 0, 0, 0, 0, 0, 0, 0, 0, 0, 0, 0, 0, 0, 0, 0, 0, 0, 0, 0, 0, 0, 0, 0, 0, 0, 0, 0, 0, 0, 0, 0, 0, 0, 0, 0, 0, 0, 0, 0, 0, 0, 0, 0, 0, 0, 0, 0, 0, 0, 0, 0, 0, 0, 0, 0, 0, 0, 0, 0, 0, 0, 0, 0, 0, 0, 0, 0, 0, 0, 0, 0, 0, 0, 0, 0, 137, 138, 139, 141, 142, 143, 143, 143, 145, 145, 146, 146, 147, 147, 148, 148, 148, 148, 149, 149, 149, 149, 149, 150, 150, 150, 150, 150, 150, 150, 150, 150, 151, 151, 151, 151, 151, 151, 151, 151, 151, 151, 151, 151, 151, 151, 151, 151, 150, 150, 150, 150, 150, 149, 149, 149, 149, 149, 149, 149, 149, 149, 149, 149, 149, 148, 148, 148, 147, 147, 147, 147, 147, 147, 147, 147, 146, 146, 146, 145, 144, 143, 143, 143, 143, 142, 142, 141, 141, 141, 141, 141, 141, 141, 141, 141, 142, 142, 142, 143, 143, 143, 143, 143, 143, 143, 143, 143, 145, 145, 146, 146, 146, 146, 146, 147, 148, 148, 148, 148, 148, 148, 149, 149, 149, 149, 150, 150, 150, 150, 150, 150, 151, 151, 151, 151, 151, 151, 151, 151, 151, 151, 151, 151, 152, 152, 153, 154, 155, 155, 155, 155, 155, 155, 155, 155, 155, 155, 156, 156, 156, 156, 156, 156, 157, 157, 157, 157, 157, 157, 157, 157, 157, 157, 157, 157, 156, 156, 156, 156, 157, 157, 157, 157, 157, 157, 156, 156, 156, 156, 156, 156, 155, 155, 155, 155, 153, 153, 159, 159, 159, 159, 167, 167, 167, 175, 175, 175, 154, 159, 159, 159, 199, 199, 207, 207, 215, 223, 223, 223, 231, 231, 231, 0, 0, 0, 0, 0]
[150.0, 0, 0, 0, 0, 0, 0, 0, 0, 0, 0, 0, 0, 0, 0, 0, 0, 0, 0, 0, 0, 0, 0, 0, 0, 0, 0, 0, 0, 0, 0, 0, 0, 0, 0, 0, 0, 0, 0, 0, 0, 0, 0, 0, 0, 0, 0, 0, 0, 0, 0, 0, 0, 0, 0, 0, 0, 0, 0, 0, 0, 0, 0, 0, 0, 0, 0, 0, 0, 0, 0, 0, 0, 0, 0, 0, 0, 0, 0, 0, 0, 0, 0, 0, 0, 0, 0, 0, 0, 0, 0, 0, 0, 0, 0, 0, 133, 135, 135, 135, 138, 138, 138, 139, 139, 140, 140, 141, 141, 141, 141, 141, 142, 143, 143, 143, 143, 143, 143, 143, 143, 143, 143, 143, 143, 143, 143, 143, 143, 144, 145, 145, 145, 145, 145, 145, 145, 145, 145, 145, 145, 145, 145, 145, 144, 143, 143, 143, 143, 143, 143, 143, 143, 143, 143, 143, 143, 143, 143, 143, 143, 143, 143, 143, 142, 142, 141, 141, 141, 141, 140, 140, 140, 140, 139, 139, 139, 138, 135, 135, 135, 135, 135, 135, 135, 135, 135, 135, 135, 135, 135, 135, 136, 138, 139, 139, 139, 139, 139, 140, 140, 140, 140, 141, 141, 141, 141, 141, 141, 142, 142, 142, 142, 143, 143, 143, 143, 143, 143, 143, 143, 143, 143, 143, 143, 145, 145, 145, 145, 146, 146, 146, 146, 147, 147, 147, 147, 147, 147, 147, 148, 149, 149, 149, 149, 149, 149, 150, 150, 151, 151, 151, 151, 151, 151, 151, 151, 151, 151, 151, 151, 151, 151, 151, 151, 151, 151, 151, 151, 151, 151, 151, 151, 151, 151, 151, 151, 151, 151, 151, 151, 151, 150, 149, 148, 148, 147, 147, 147, 150, 151, 151, 149, 159, 159, 159, 147, 146, 146, 175, 147, 187, 188, 189, 187, 199, 199, 199, 207, 215, 215, 223, 223, 223, 231, 231, 0, 0, 0, 0, 0]
[157.5, 0, 0, 0, 0, 0, 0, 0, 0, 0, 0, 0, 0, 0, 0, 0, 0, 0, 0, 0, 0, 0, 0, 0, 0, 0, 0, 0, 0, 0, 0, 0, 0, 0, 0, 0, 0, 0, 0, 0, 0, 0, 0, 0, 0, 0, 0, 0, 0, 0, 0, 0, 0, 0, 0, 0, 0, 0, 0, 0, 0, 0, 0, 0, 0, 0, 0, 0, 0, 0, 0, 0, 0, 0, 0, 0, 0, 0, 0, 0, 0, 0, 0, 0, 0, 0, 0, 0, 0, 0, 0, 0, 0, 0, 0, 0, 135, 135, 135, 135, 138, 138, 138, 139, 139, 140, 140, 141, 141, 141, 141, 141, 142, 143, 143, 143, 143, 143, 143, 143, 143, 143, 143, 143, 143, 143, 143, 143, 143, 145, 145, 145, 145, 145, 145, 145, 145, 145, 145, 145, 145, 145, 145, 145, 145, 143, 143, 143, 143, 143, 143, 143, 143, 143, 143, 143, 143, 143, 143, 143, 143, 143, 143, 143, 143, 142, 142, 141, 141, 141, 140, 140, 140, 140, 139, 139, 139, 137, 135, 135, 135, 135, 135, 135, 135, 135, 135, 135, 135, 135, 135, 135, 135, 138, 139, 139, 139, 139, 139, 139, 139, 140, 140, 140, 140, 140, 140, 141, 141, 141, 142, 143, 143, 143, 143, 143, 143, 143, 143, 143, 143, 143, 143, 143, 143, 145, 145, 146, 146, 146, 146, 146, 146, 147, 147, 147, 147, 147, 147, 147, 148, 148, 149, 149, 149, 149, 149, 149, 149, 150, 150, 151, 151, 151, 151, 151, 151, 151, 151, 151, 151, 151, 151, 151, 151, 151, 151, 151, 151, 151, 151, 151, 151, 151, 151, 151, 151, 151, 151, 151, 151, 150, 149, 148, 148, 147, 147, 147, 147, 149, 151, 150, 148, 159, 159, 159, 159, 145, 145, 175, 146, 147, 191, 191, 191, 199, 199, 199, 199, 215, 223, 223, 223, 223, 231, 231, 231, 0, 0, 0, 0]
[165.0, 0, 0, 0, 0, 0, 0, 0, 0, 0, 0, 0, 0, 0, 0, 0, 0, 0, 0, 0, 0, 0, 0, 0, 0, 0, 0, 0, 0, 0, 0, 0, 0, 0, 0, 0, 0, 0, 0, 0, 0, 0, 0, 0, 0, 0, 0, 0, 0, 0, 0, 0, 0, 0, 0, 0, 0, 0, 0, 0, 0, 0, 0, 0, 0, 0, 0, 0, 0, 0, 0, 0, 0, 0, 0, 0, 0, 0, 0, 0, 0, 0, 0, 0, 0, 0, 0, 0, 0, 0, 0, 0, 0, 0, 0, 0, 132, 133, 134, 135, 136, 137, 138, 139, 139, 140, 140, 140, 140, 141, 141, 141, 141, 142, 142, 142, 142, 143, 143, 143, 143, 143, 143, 143, 143, 143, 143, 143, 143, 143, 143, 143, 143, 143, 143, 143, 143, 143, 143, 143, 143, 143, 143, 143, 143, 143, 143, 143, 143, 143, 143, 143, 143, 143, 143, 143, 143, 143, 143, 143, 143, 142, 142, 142, 142, 141, 141, 141, 141, 141, 140, 140, 140, 140, 139, 139, 139, 137, 135, 135, 135, 135, 135, 135, 135, 135, 135, 135, 135, 135, 135, 135, 135, 138, 138, 138, 138, 139, 139, 139, 139, 140, 140, 140, 140, 140, 140, 140, 140, 141, 141, 141, 141, 141, 141, 142, 142, 143, 143, 143, 143, 143, 143, 143, 143, 144, 145, 145, 145, 146, 146, 146, 146, 146, 146, 146, 146, 147, 147, 147, 147, 148, 148, 148, 148, 149, 149, 149, 149, 149, 149, 150, 150, 151, 151, 151, 151, 151, 151, 151, 151, 151, 151, 151, 151, 151, 151, 151, 151, 151, 151, 151, 151, 151, 151, 151, 151, 151, 151, 151, 151, 151, 149, 149, 148, 147, 147, 147, 146, 147, 148, 148, 148, 159, 159, 159, 159, 145, 175, 175, 175, 143, 143, 143, 143, 199, 199, 199, 207, 207, 207, 223, 223, 223, 231, 231, 0, 0, 0, 0, 0]
[172.5, 0, 0, 0, 0, 0, 0, 0, 0, 0, 0, 0, 0, 0, 0, 0, 0, 0, 0, 0, 0, 0, 0, 0, 0, 0, 0, 0, 0, 0, 0, 0, 0, 0, 0, 0, 0, 0, 0, 0, 0, 0, 0, 0, 0, 0, 0, 0, 0, 0, 0, 0, 0, 0, 0, 0, 0, 0, 0, 0, 0, 0, 0, 0, 0, 0, 0, 0, 0, 0, 0, 0, 0, 0, 0, 0, 0, 0, 0, 0, 0, 0, 0, 0, 0, 0, 0, 0, 0, 0, 0, 0, 0, 0, 0, 0, 130, 132, 133, 134, 135, 135, 136, 136, 137, 137, 138, 138, 139, 139, 139, 139, 140, 141, 141, 141, 141, 141, 141, 141, 141, 142, 142, 142, 142, 142, 142, 142, 142, 143, 143, 143, 143, 142, 142, 142, 142, 142, 142, 142, 142, 142, 142, 142, 142, 142, 142, 142, 142, 142, 142, 142, 142, 141, 141, 141, 141, 141, 141, 141, 141, 140, 140, 140, 140, 139, 139, 139, 139, 139, 138, 138, 138, 138, 137, 137, 137, 135, 135, 134, 134, 134, 134, 134, 134, 134, 134, 134, 134, 134, 134, 135, 135, 135, 135, 135, 135, 135, 135, 137, 137, 138, 138, 138, 138, 138, 138, 139, 139, 139, 140, 140, 140, 140, 140, 141, 141, 141, 141, 142, 142, 143, 143, 143, 143, 143, 143, 143, 143, 143, 143, 143, 143, 143, 143, 143, 143, 144, 144, 145, 146, 147, 147, 147, 147, 147, 147, 147, 147, 147, 147, 148, 148, 148, 148, 148, 148, 149, 149, 149, 149, 149, 149, 149, 149, 149, 149, 149, 149, 149, 149, 149, 149, 150, 150, 150, 149, 149, 148, 148, 148, 148, 147, 147, 146, 146, 146, 146, 146, 151, 151, 151, 151, 159, 159, 159, 159, 143, 143, 175, 143, 143, 143, 143, 143, 143, 199, 199, 143, 143, 143, 215, 215, 143, 231, 231, 231, 0, 0, 0, 0]
[180.0, 0, 0, 0, 0, 0, 0, 0, 0, 0, 0, 0, 0, 0, 0, 0, 0, 0, 0, 0, 0, 0, 0, 0, 0, 0, 0, 0, 0, 0, 0, 0, 0, 0, 0, 0, 0, 0, 0, 0, 0, 0, 0, 0, 0, 0, 0, 0, 0, 0, 0, 0, 0, 0, 0, 0, 0, 0, 0, 0, 0, 0, 0, 0, 0, 0, 0, 0, 0, 0, 0, 0, 0, 0, 0, 0, 0, 0, 0, 0, 0, 0, 0, 0, 0, 0, 0, 0, 0, 0, 0, 0, 0, 0, 0, 0, 0, 129, 131, 133, 134, 137, 139, 140, 141, 141, 143, 143, 143, 143, 143, 143, 143, 145, 145, 146, 146, 146, 146, 146, 146, 147, 147, 147, 147, 147, 147, 147, 147, 147, 147, 147, 147, 147, 147, 147, 147, 147, 147, 147, 147, 147, 147, 147, 147, 148, 148, 148, 148, 147, 147, 147, 147, 147, 147, 147, 147, 147, 147, 147, 146, 146, 146, 146, 146, 145, 145, 145, 143, 143, 143, 143, 143, 143, 143, 143, 143, 142, 141, 141, 141, 141, 141, 140, 140, 140, 140, 141, 141, 141, 141, 141, 141, 142, 142, 143, 143, 143, 143, 143, 143, 143, 143, 143, 143, 143, 143, 143, 143, 145, 146, 146, 146, 146, 146, 146, 146, 147, 147, 147, 147, 147, 147, 147, 148, 149, 149, 149, 149, 149, 149, 150, 150, 151, 151, 151, 151, 151, 151, 151, 151, 151, 151, 151, 151, 151, 151, 151, 151, 151, 151, 152, 152, 152, 152, 153, 153, 154, 154, 154, 154, 154, 154, 154, 154, 154, 154, 154, 154, 154, 154, 154, 153, 151, 151, 151, 151, 151, 151, 151, 151, 151, 151, 151, 151, 151, 151, 151, 151, 151, 151, 151, 151, 159, 159, 159, 139, 138, 138, 175, 139, 139, 139, 140, 140, 139, 199, 199, 139, 215, 223, 223, 223, 223, 231, 231, 0, 0, 0, 0, 0]
[187.5, 0, 0, 0, 0, 0, 0, 0, 0, 0, 0, 0, 0, 0, 0, 0, 0, 0, 0, 0, 0, 0, 0, 0, 0, 0, 0, 0, 0, 0, 0, 0, 0, 0, 0, 0, 0, 0, 0, 0, 0, 0, 0, 0, 0, 0, 0, 0, 0, 0, 0, 0, 0, 0, 0, 0, 0, 0, 0, 0, 0, 0, 0, 0, 0, 0, 0, 0, 0, 0, 0, 0, 0, 0, 0, 0, 0, 0, 0, 0, 0, 0, 0, 0, 0, 0, 0, 0, 0, 0, 0, 0, 0, 0, 0, 0, 0, 130, 131, 135, 138, 139, 139, 140, 141, 141, 142, 143, 143, 143, 143, 143, 143, 145, 145, 146, 146, 146, 146, 146, 146, 147, 147, 147, 147, 147, 147, 147, 147, 148, 148, 148, 148, 148, 148, 148, 148, 148, 148, 148, 148, 148, 148, 148, 148, 148, 148, 148, 148, 148, 148, 148, 148, 148, 148, 148, 148, 147, 147, 147, 147, 146, 145, 145, 145, 144, 144, 143, 143, 143, 143, 143, 143, 143, 143, 143, 143, 141, 141, 141, 141, 141, 141, 140, 140, 141, 141, 141, 141, 142, 143, 143, 143, 143, 143, 143, 143, 143, 143, 143, 143, 143, 143, 143, 143, 143, 143, 143, 143, 146, 146, 146, 146, 147, 147, 147, 147, 147, 147, 148, 148, 148, 148, 148, 149, 150, 151, 151, 151, 151, 151, 151, 151, 151, 151, 151, 151, 151, 151, 151, 151, 152, 153, 153, 153, 153, 153, 154, 154, 154, 154, 154, 154, 155, 155, 155, 155, 155, 155, 155, 155, 155, 155, 155, 155, 155, 155, 155, 155, 155, 155, 155, 155, 155, 155, 155, 155, 154, 154, 154, 154, 153, 153, 152, 152, 151, 151, 151, 151, 151, 151, 151, 159, 159, 159, 159, 140, 139, 175, 175, 175, 140, 140, 191, 140, 139, 199, 199, 207, 207, 207, 207, 138, 138, 231, 231, 0, 0, 0, 0, 0]
[195.0, 0, 0, 0, 0, 0, 0, 0, 0, 0, 0, 0, 0, 0, 0, 0, 0, 0, 0, 0, 0, 0, 0, 0, 0, 0, 0, 0, 0, 0, 0, 0, 0, 0, 0, 0, 0, 0, 0, 0, 0, 0, 0, 0, 0, 0, 0, 0, 0, 0, 0, 0, 0, 0, 0, 0, 0, 0, 0, 0, 0, 0, 0, 0, 0, 0, 0, 0, 0, 0, 0, 0, 0, 0, 0, 0, 0, 0, 0, 0, 0, 0, 0, 0, 0, 0, 0, 0, 0, 0, 0, 0, 0, 0, 0, 0, 0, 0, 128, 130, 132, 132, 133, 137, 138, 139, 139, 140, 140, 140, 140, 141, 141, 141, 141, 142, 142, 143, 143, 143, 143, 143, 143, 143, 143, 143, 143, 143, 143, 143, 143, 143, 143, 143, 143, 143, 143, 143, 143, 143, 143, 143, 143, 143, 143, 143, 143, 143, 143, 143, 143, 143, 143, 143, 143, 143, 143, 143, 143, 143, 143, 143, 140, 140, 140, 139, 139, 138, 138, 137, 137, 130, 130, 135, 135, 135, 135, 126, 124, 124, 124, 124, 123, 122, 122, 122, 122, 122, 122, 122, 123, 123, 123, 123, 124, 124, 124, 125, 125, 125, 125, 126, 126, 126, 126, 126, 126, 126, 127, 127, 127, 127, 127, 129, 129, 130, 130, 130, 130, 135, 135, 135, 135, 135, 135, 133, 133, 133, 133, 134, 135, 143, 143, 143, 143, 145, 145, 146, 146, 146, 146, 147, 147, 147, 147, 147, 147, 148, 148, 149, 149, 149, 149, 150, 150, 150, 150, 150, 150, 150, 150, 150, 150, 150, 150, 150, 150, 150, 150, 150, 150, 150, 150, 151, 151, 151, 151, 143, 143, 139, 139, 139, 138, 138, 138, 138, 138, 138, 138, 137, 135, 135, 135, 135, 135, 135, 135, 135, 135, 135, 135, 134, 134, 134, 133, 0, 0, 0, 0, 0, 0, 215, 223, 223, 223, 231, 0, 0, 0, 0, 0]
[202.5, 0, 0, 0, 0, 0, 0, 0, 0, 0, 0, 0, 0, 0, 0, 0, 0, 0, 0, 0, 0, 0, 0, 0, 0, 0, 0, 0, 0, 0, 0, 0, 0, 0, 0, 0, 0, 0, 0, 0, 0, 0, 0, 0, 0, 0, 0, 0, 0, 0, 0, 0, 0, 0, 0, 0, 0, 0, 0, 0, 0, 0, 0, 0, 0, 0, 0, 0, 0, 0, 0, 0, 0, 0, 0, 0, 0, 0, 0, 0, 0, 0, 0, 0, 0, 0, 0, 0, 0, 0, 0, 0, 0, 0, 0, 0, 0, 135, 135, 135, 128, 130, 131, 131, 132, 133, 133, 134, 135, 135, 135, 135, 136, 141, 142, 142, 142, 142, 142, 142, 142, 142, 142, 142, 142, 143, 143, 143, 143, 143, 143, 143, 143, 143, 143, 143, 143, 143, 143, 143, 143, 143, 142, 142, 142, 143, 143, 143, 143, 143, 143, 143, 143, 143, 143, 143, 143, 143, 143, 133, 133, 132, 131, 131, 131, 131, 131, 130, 130, 129, 128, 127, 127, 126, 125, 125, 124, 124, 122, 121, 119, 119, 118, 117, 117, 117, 117, 118, 119, 119, 119, 119, 120, 121, 121, 121, 121, 122, 122, 122, 122, 123, 123, 123, 124, 124, 124, 124, 125, 125, 125, 125, 125, 126, 126, 126, 126, 127, 127, 127, 127, 127, 127, 127, 128, 133, 133, 133, 130, 130, 130, 130, 131, 131, 131, 132, 132, 132, 132, 132, 133, 133, 134, 134, 134, 134, 135, 135, 135, 135, 135, 135, 135, 135, 135, 135, 135, 143, 143, 143, 143, 143, 143, 143, 143, 143, 143, 143, 143, 143, 143, 143, 134, 135, 135, 135, 135, 135, 135, 132, 132, 132, 133, 133, 134, 134, 135, 135, 135, 130, 0, 0, 0, 0, 0, 0, 0, 0, 0, 0, 0, 0, 0, 183, 0, 0, 0, 0, 0, 0, 0, 223, 223, 223, 231, 231, 0, 0, 0, 0, 0]
[210.0, 0, 0, 0, 0, 0, 0, 0, 0, 0, 0, 0, 0, 0, 0, 0, 0, 0, 0, 0, 0, 0, 0, 0, 0, 0, 0, 0, 0, 0, 0, 0, 0, 0, 0, 0, 0, 0, 0, 0, 0, 0, 0, 0, 0, 0, 0, 0, 0, 0, 0, 0, 0, 0, 0, 0, 0, 0, 0, 0, 0, 0, 0, 0, 0, 0, 0, 0, 0, 0, 0, 0, 0, 0, 0, 0, 0, 0, 0, 0, 0, 0, 0, 0, 0, 0, 0, 0, 0, 0, 0, 0, 0, 0, 0, 0, 0, 0, 0, 0, 129, 129, 130, 130, 131, 132, 133, 134, 134, 134, 134, 135, 135, 141, 141, 142, 142, 142, 142, 142, 142, 143, 143, 143, 143, 143, 143, 143, 143, 143, 143, 143, 143, 143, 143, 143, 143, 143, 143, 143, 143, 143, 143, 143, 143, 143, 143, 143, 143, 143, 143, 143, 143, 143, 143, 143, 143, 143, 143, 133, 133, 132, 131, 131, 131, 131, 130, 130, 130, 129, 127, 127, 126, 125, 125, 124, 124, 123, 122, 122, 121, 119, 118, 117, 117, 117, 117, 118, 118, 119, 119, 119, 119, 119, 120, 122, 122, 122, 122, 122, 122, 123, 123, 123, 124, 124, 125, 125, 125, 125, 125, 125, 125, 125, 126, 126, 126, 127, 127, 127, 127, 127, 127, 127, 128, 129, 133, 129, 130, 130, 130, 130, 131, 131, 131, 132, 132, 144, 144, 144, 133, 133, 134, 134, 134, 134, 134, 151, 151, 151, 151, 151, 151, 151, 151, 151, 151, 135, 135, 135, 135, 135, 135, 135, 135, 135, 135, 135, 135, 135, 135, 135, 135, 135, 135, 135, 135, 135, 135, 132, 132, 132, 132, 132, 133, 135, 135, 135, 135, 130, 151, 151, 0, 0, 0, 0, 0, 0, 0, 0, 0, 0, 0, 0, 0, 0, 0, 0, 0, 0, 0, 223, 223, 223, 231, 231, 0, 0, 0, 0, 0]
[217.5, 0, 0, 0, 0, 0, 0, 0, 0, 0, 0, 0, 0, 0, 0, 0, 0, 0, 0, 0, 0, 0, 0, 0, 0, 0, 0, 0, 0, 0, 0, 0, 0, 0, 0, 0, 0, 0, 0, 0, 0, 0, 0, 0, 0, 0, 0, 0, 0, 0, 0, 0, 0, 0, 0, 0, 0, 0, 0, 0, 0, 0, 0, 0, 0, 0, 0, 0, 0, 0, 0, 0, 0, 0, 0, 0, 0, 0, 0, 0, 0, 0, 0, 0, 0, 0, 0, 0, 0, 0, 0, 0, 0, 0, 0, 0, 0, 0, 0, 124, 127, 128, 129, 130, 135, 135, 135, 135, 134, 136, 136, 137, 141, 143, 143, 143, 143, 143, 143, 143, 143, 143, 143, 143, 143, 143, 143, 143, 143, 145, 145, 145, 145, 145, 145, 145, 145, 145, 145, 145, 145, 145, 145, 145, 145, 145, 145, 145, 145, 145, 145, 145, 145, 145, 145, 145, 145, 145, 145, 145, 145, 143, 143, 143, 143, 143, 143, 143, 143, 143, 143, 143, 143, 143, 143, 143, 143, 140, 140, 140, 140, 140, 140, 140, 140, 140, 140, 140, 140, 140, 140, 140, 140, 119, 119, 119, 120, 121, 121, 122, 122, 123, 123, 143, 143, 143, 143, 143, 143, 143, 144, 144, 144, 144, 144, 144, 144, 144, 144, 144, 144, 144, 144, 144, 145, 147, 148, 148, 148, 148, 148, 149, 149, 150, 150, 151, 151, 151, 151, 151, 151, 151, 151, 151, 151, 151, 151, 151, 151, 151, 151, 152, 152, 152, 152, 153, 151, 151, 151, 151, 151, 151, 151, 151, 151, 151, 151, 151, 151, 151, 151, 151, 151, 151, 151, 143, 143, 143, 143, 135, 135, 135, 135, 135, 135, 135, 135, 135, 135, 151, 151, 151, 151, 159, 159, 159, 132, 175, 175, 175, 132, 191, 191, 191, 191, 199, 207, 207, 207, 215, 223, 223, 223, 231, 231, 0, 0, 0, 0, 0, 0]
[225.0, 0, 0, 0, 0, 0, 0, 0, 0, 0, 0, 0, 0, 0, 0, 0, 0, 0, 0, 0, 0, 0, 0, 0, 0, 0, 0, 0, 0, 0, 0, 0, 0, 0, 0, 0, 0, 0, 0, 0, 0, 0, 0, 0, 0, 0, 0, 0, 0, 0, 0, 0, 0, 0, 0, 0, 0, 0, 0, 0, 0, 0, 0, 0, 0, 0, 0, 0, 0, 0, 0, 0, 0, 0, 0, 0, 0, 0, 0, 0, 0, 0, 0, 0, 0, 0, 0, 0, 0, 0, 0, 0, 0, 0, 0, 0, 0, 0, 0, 124, 127, 128, 129, 135, 135, 135, 135, 139, 139, 141, 141, 143, 143, 143, 143, 143, 143, 143, 143, 143, 143, 143, 143, 143, 143, 143, 143, 143, 143, 145, 145, 145, 145, 145, 145, 145, 145, 145, 145, 145, 145, 145, 145, 145, 145, 145, 145, 145, 145, 145, 145, 145, 145, 145, 145, 145, 145, 145, 145, 145, 145, 143, 143, 143, 143, 143, 143, 143, 143, 143, 143, 143, 143, 143, 143, 143, 142, 141, 140, 140, 140, 140, 140, 140, 140, 140, 140, 140, 140, 140, 140, 140, 140, 141, 141, 141, 141, 141, 141, 141, 141, 141, 141, 141, 141, 141, 141, 141, 142, 143, 143, 143, 143, 143, 143, 143, 143, 145, 145, 145, 145, 146, 146, 146, 146, 148, 149, 149, 149, 150, 150, 151, 151, 151, 151, 151, 151, 151, 151, 151, 151, 151, 151, 151, 151, 151, 151, 151, 151, 153, 153, 153, 153, 154, 154, 154, 153, 151, 151, 151, 151, 151, 151, 151, 151, 151, 151, 151, 151, 151, 151, 151, 151, 151, 151, 151, 151, 151, 143, 143, 143, 143, 132, 135, 135, 135, 137, 139, 139, 151, 151, 151, 151, 159, 159, 159, 132, 132, 132, 131, 131, 131, 131, 191, 131, 199, 207, 207, 213, 223, 223, 223, 223, 231, 231, 0, 0, 0, 0, 0, 0]
[232.5, 0, 0, 0, 0, 0, 0, 0, 0, 0, 0, 0, 0, 0, 0, 0, 0, 0, 0, 0, 0, 0, 0, 0, 0, 0, 0, 0, 0, 0, 0, 0, 0, 0, 0, 0, 0, 0, 0, 0, 0, 0, 0, 0, 0, 0, 0, 0, 0, 0, 0, 0, 0, 0, 0, 0, 0, 0, 0, 0, 0, 0, 0, 0, 0, 0, 0, 0, 0, 0, 0, 0, 0, 0, 0, 0, 0, 0, 0, 0, 0, 0, 0, 0, 0, 0, 0, 0, 0, 0, 0, 0, 0, 0, 0, 0, 0, 0, 123, 125, 127, 129, 130, 135, 135, 135, 135, 135, 134, 134, 134, 134, 134, 139, 139, 139, 139, 140, 140, 140, 140, 141, 141, 142, 142, 143, 143, 143, 143, 143, 143, 143, 143, 143, 143, 143, 143, 143, 143, 143, 143, 143, 143, 143, 143, 143, 143, 143, 143, 143, 143, 143, 143, 143, 143, 143, 143, 143, 143, 143, 143, 138, 136, 136, 136, 129, 129, 128, 127, 127, 126, 126, 125, 124, 123, 123, 123, 122, 119, 119, 119, 119, 118, 117, 117, 117, 117, 118, 118, 119, 119, 119, 119, 119, 119, 120, 120, 121, 121, 122, 122, 122, 122, 123, 123, 123, 123, 123, 123, 124, 124, 124, 125, 125, 125, 125, 125, 126, 126, 126, 126, 127, 127, 127, 127, 127, 128, 128, 129, 130, 130, 130, 130, 131, 131, 131, 131, 132, 132, 135, 132, 133, 133, 133, 133, 133, 134, 134, 134, 135, 135, 143, 143, 143, 143, 143, 143, 143, 143, 143, 143, 143, 143, 143, 143, 143, 143, 143, 143, 143, 143, 143, 135, 135, 135, 135, 133, 132, 132, 132, 131, 131, 131, 131, 131, 135, 135, 135, 135, 130, 151, 151, 130, 159, 159, 129, 129, 0, 0, 0, 0, 0, 0, 191, 0, 0, 207, 0, 215, 215, 215, 223, 223, 231, 231, 0, 0, 0, 0, 0, 0]
[240.0, 0, 0, 0, 0, 0, 0, 0, 0, 0, 0, 0, 0, 0, 0, 0, 0, 0, 0, 0, 0, 0, 0, 0, 0, 0, 0, 0, 0, 0, 0, 0, 0, 0, 0, 0, 0, 0, 0, 0, 0, 0, 0, 0, 0, 0, 0, 0, 0, 0, 0, 0, 0, 0, 0, 0, 0, 0, 0, 0, 0, 0, 0, 0, 0, 0, 0, 0, 0, 0, 0, 0, 0, 0, 0, 0, 0, 0, 0, 0, 0, 0, 0, 0, 0, 0, 0, 0, 0, 0, 0, 0, 0, 0, 0, 0, 0, 123, 124, 125, 128, 132, 133, 135, 135, 135, 135, 137, 137, 138, 138, 138, 139, 140, 141, 141, 141, 141, 141, 141, 141, 142, 142, 143, 143, 143, 143, 143, 143, 143, 143, 143, 143, 143, 143, 143, 143, 143, 143, 143, 143, 143, 143, 143, 143, 143, 143, 143, 143, 143, 143, 143, 143, 143, 143, 143, 143, 143, 143, 143, 143, 142, 142, 141, 141, 141, 141, 140, 140, 140, 140, 139, 139, 139, 139, 139, 138, 136, 135, 135, 135, 135, 135, 135, 135, 135, 135, 135, 135, 135, 135, 135, 135, 138, 139, 139, 139, 139, 139, 139, 139, 139, 139, 140, 140, 140, 140, 140, 140, 141, 142, 142, 142, 143, 143, 143, 143, 143, 143, 143, 143, 143, 143, 143, 143, 144, 146, 146, 146, 146, 146, 146, 146, 147, 147, 147, 147, 147, 147, 147, 147, 148, 148, 148, 148, 149, 149, 149, 149, 150, 150, 150, 150, 151, 151, 151, 151, 151, 151, 151, 151, 151, 151, 151, 151, 151, 151, 151, 151, 151, 151, 151, 151, 148, 148, 148, 148, 147, 147, 146, 146, 145, 145, 143, 143, 143, 143, 143, 143, 151, 151, 151, 159, 159, 159, 159, 159, 135, 135, 135, 135, 191, 191, 191, 191, 199, 207, 207, 207, 215, 215, 223, 223, 231, 231, 231, 231, 0, 0, 0, 0]
[247.5, 0, 0, 0, 0, 0, 0, 0, 0, 0, 0, 0, 0, 0, 0, 0, 0, 0, 0, 0, 0, 0, 0, 0, 0, 0, 0, 0, 0, 0, 0, 0, 0, 0, 0, 0, 0, 0, 0, 0, 0, 0, 0, 0, 0, 0, 0, 0, 0, 0, 0, 0, 0, 0, 0, 0, 0, 0, 0, 0, 0, 0, 0, 0, 0, 0, 0, 0, 0, 0, 0, 0, 0, 0, 0, 0, 0, 0, 0, 0, 0, 0, 0, 0, 0, 0, 0, 0, 0, 0, 0, 0, 0, 0, 0, 0, 0, 123, 124, 127, 128, 131, 132, 133, 133, 135, 136, 138, 138, 138, 138, 139, 139, 140, 140, 141, 141, 141, 141, 142, 142, 143, 143, 143, 143, 143, 143, 143, 143, 143, 143, 143, 143, 143, 143, 143, 143, 143, 143, 143, 143, 143, 143, 143, 143, 143, 143, 143, 143, 143, 143, 143, 143, 143, 143, 143, 143, 143, 143, 143, 143, 143, 143, 143, 143, 143, 143, 142, 142, 141, 141, 140, 140, 140, 140, 139, 139, 137, 136, 136, 136, 136, 136, 136, 136, 136, 136, 136, 136, 136, 136, 136, 137, 139, 139, 140, 140, 140, 140, 140, 140, 140, 140, 140, 140, 141, 141, 141, 142, 143, 143, 143, 143, 143, 143, 143, 143, 143, 143, 143, 143, 143, 143, 143, 143, 146, 147, 147, 147, 147, 147, 148, 148, 148, 148, 148, 148, 149, 149, 149, 149, 150, 150, 150, 150, 151, 151, 151, 151, 151, 151, 151, 151, 151, 151, 151, 151, 151, 151, 151, 151, 151, 151, 151, 151, 151, 151, 151, 151, 151, 151, 151, 151, 150, 148, 149, 149, 151, 151, 151, 151, 149, 147, 146, 143, 143, 143, 142, 143, 151, 151, 151, 159, 159, 159, 159, 135, 135, 135, 135, 135, 191, 191, 191, 191, 199, 207, 207, 207, 215, 215, 223, 223, 231, 231, 0, 0, 0, 0, 0, 0]
[255.0, 0, 0, 0, 0, 0, 0, 0, 0, 0, 0, 0, 0, 0, 0, 0, 0, 0, 0, 0, 0, 0, 0, 0, 0, 0, 0, 0, 0, 0, 0, 0, 0, 0, 0, 0, 0, 0, 0, 0, 0, 0, 0, 0, 0, 0, 0, 0, 0, 0, 0, 0, 0, 0, 0, 0, 0, 0, 0, 0, 0, 0, 0, 0, 0, 0, 0, 0, 0, 0, 0, 0, 0, 0, 0, 0, 0, 0, 0, 0, 0, 0, 0, 0, 0, 0, 0, 0, 0, 0, 0, 0, 0, 0, 0, 0, 0, 0, 120, 123, 125, 126, 127, 135, 135, 135, 135, 135, 135, 135, 135, 135, 135, 139, 140, 140, 140, 140, 140, 140, 140, 141, 141, 142, 142, 142, 142, 143, 143, 143, 143, 143, 143, 143, 143, 143, 143, 143, 143, 143, 143, 143, 143, 143, 143, 143, 143, 143, 143, 143, 143, 143, 143, 143, 143, 143, 143, 143, 143, 143, 143, 141, 141, 141, 141, 140, 140, 140, 139, 139, 139, 138, 138, 138, 138, 138, 137, 135, 135, 135, 135, 135, 135, 135, 135, 135, 135, 135, 135, 135, 135, 135, 135, 135, 135, 136, 136, 137, 137, 137, 137, 138, 138, 138, 138, 139, 139, 139, 140, 143, 143, 143, 143, 143, 143, 143, 143, 143, 143, 143, 143, 143, 143, 143, 143, 143, 143, 143, 143, 143, 143, 143, 143, 145, 145, 145, 145, 146, 146, 146, 146, 147, 147, 148, 148, 148, 148, 149, 149, 150, 150, 151, 151, 151, 151, 151, 151, 151, 149, 149, 149, 149, 149, 149, 149, 149, 149, 149, 149, 149, 149, 149, 149, 150, 150, 149, 149, 147, 147, 145, 144, 143, 143, 143, 143, 143, 142, 141, 141, 151, 151, 151, 159, 159, 159, 159, 130, 130, 130, 130, 130, 191, 191, 191, 191, 199, 207, 207, 207, 215, 223, 223, 223, 223, 223, 223, 0, 0, 0, 0, 0]
[262.5, 0, 0, 0, 0, 0, 0, 0, 0, 0, 0, 0, 0, 0, 0, 0, 0, 0, 0, 0, 0, 0, 0, 0, 0, 0, 0, 0, 0, 0, 0, 0, 0, 0, 0, 0, 0, 0, 0, 0, 0, 0, 0, 0, 0, 0, 0, 0, 0, 0, 0, 0, 0, 0, 0, 0, 0, 0, 0, 0, 0, 0, 0, 0, 0, 0, 0, 0, 0, 0, 0, 0, 0, 0, 0, 0, 0, 0, 0, 0, 0, 0, 0, 0, 0, 0, 0, 0, 0, 0, 0, 0, 0, 0, 0, 0, 0, 123, 124, 125, 129, 131, 132, 133, 133, 134, 135, 135, 135, 135, 135, 135, 137, 138, 139, 139, 139, 139, 139, 139, 139, 140, 140, 140, 140, 140, 140, 140, 140, 141, 141, 141, 141, 141, 141, 141, 141, 141, 141, 141, 141, 141, 141, 141, 141, 141, 141, 141, 141, 140, 140, 140, 140, 140, 140, 140, 140, 140, 140, 140, 140, 139, 139, 139, 139, 139, 139, 138, 138, 138, 138, 138, 138, 137, 137, 137, 135, 135, 134, 134, 134, 134, 134, 134, 134, 134, 134, 134, 134, 134, 134, 134, 135, 135, 135, 135, 135, 135, 135, 135, 135, 135, 135, 136, 136, 136, 136, 137, 138, 139, 139, 139, 139, 140, 140, 140, 140, 140, 140, 141, 141, 141, 141, 142, 143, 143, 143, 143, 143, 143, 143, 143, 143, 143, 143, 145, 145, 146, 146, 146, 146, 147, 147, 147, 147, 147, 147, 148, 148, 148, 148, 148, 148, 149, 149, 149, 149, 148, 148, 148, 148, 148, 148, 148, 148, 148, 148, 148, 148, 148, 148, 148, 148, 147, 146, 146, 146, 145, 145, 145, 145, 143, 143, 143, 143, 143, 143, 143, 146, 151, 151, 151, 151, 151, 151, 144, 135, 175, 135, 135, 135, 191, 191, 191, 191, 199, 207, 199, 132, 215, 223, 223, 223, 231, 231, 0, 0, 0, 0, 0, 0]
[270.0, 0, 0, 0, 0, 0, 0, 0, 0, 0, 0, 0, 0, 0, 0, 0, 0, 0, 0, 0, 0, 0, 0, 0, 0, 0, 0, 0, 0, 0, 0, 0, 0, 0, 0, 0, 0, 0, 0, 0, 0, 0, 0, 0, 0, 0, 0, 0, 0, 0, 0, 0, 0, 0, 0, 0, 0, 0, 0, 0, 0, 0, 0, 0, 0, 0, 0, 0, 0, 0, 0, 0, 0, 0, 0, 0, 0, 0, 0, 0, 0, 0, 0, 0, 0, 0, 0, 0, 0, 0, 0, 0, 0, 0, 0, 0, 0, 121, 123, 125, 127, 129, 131, 132, 132, 133, 133, 133, 133, 134, 134, 134, 135, 136, 137, 137, 137, 137, 137, 138, 138, 138, 138, 138, 138, 138, 138, 138, 139, 139, 139, 139, 139, 139, 139, 139, 139, 139, 139, 139, 139, 139, 139, 139, 139, 139, 139, 139, 139, 138, 138, 138, 138, 138, 138, 138, 138, 138, 138, 138, 137, 135, 135, 135, 135, 135, 135, 135, 135, 135, 135, 135, 135, 135, 135, 135, 134, 132, 132, 132, 132, 132, 132, 132, 132, 132, 132, 132, 132, 132, 132, 132, 132, 133, 133, 133, 133, 133, 133, 134, 134, 135, 135, 135, 135, 135, 135, 135, 135, 136, 137, 137, 137, 138, 138, 138, 138, 138, 138, 139, 139, 139, 139, 139, 139, 141, 141, 141, 141, 142, 142, 143, 143, 143, 143, 143, 143, 143, 143, 143, 143, 143, 143, 143, 143, 143, 143, 143, 143, 145, 145, 145, 145, 146, 146, 146, 146, 146, 146, 146, 146, 146, 146, 146, 146, 146, 146, 146, 146, 146, 146, 146, 144, 143, 143, 143, 143, 143, 143, 143, 143, 143, 143, 139, 138, 141, 143, 143, 143, 151, 151, 151, 151, 151, 134, 134, 134, 134, 134, 134, 134, 134, 191, 191, 191, 199, 207, 199, 133, 215, 223, 231, 231, 231, 231, 0, 0, 0, 0, 0, 0]
[277.5, 127, 127, 127, 127, 127, 127, 127, 127, 127, 127, 127, 127, 127, 127, 127, 127, 129, 129, 130, 130, 130, 130, 130, 130, 131, 131, 131, 131, 132, 132, 132, 132, 133, 133, 133, 133, 133, 133, 134, 134, 134, 134, 135, 135, 135, 135, 135, 135, 135, 135, 135, 135, 135, 135, 135, 135, 135, 135, 134, 134, 134, 134, 134, 133, 132, 132, 133, 134, 135, 135, 134, 132, 131, 130, 129, 129, 130, 131, 131, 131, 127, 143, 143, 126, 126, 126, 126, 126, 126, 126, 126, 126, 126, 126, 126, 126, 127, 127, 127, 127, 127, 127, 127, 127, 223, 223, 223, 127, 127, 127, 127, 125, 0, 0, 0, 0, 0, 0, 0, 0, 0, 0, 0, 0, 0, 0, 0, 0, 0, 0, 0, 0, 0, 0, 0, 0, 0, 0, 0, 0, 0, 0, 0, 0, 0, 0, 0, 0, 0, 0, 0, 0, 0, 0, 0, 0, 0, 0, 0, 0, 0, 0, 0, 0, 0, 0, 0, 0, 0, 0, 0, 0, 0, 0, 0, 0, 0, 0, 0, 0, 0, 0, 0, 0, 0, 0, 0, 0, 0, 0, 0, 0, 0, 0, 0, 0, 0, 0, 0, 0, 0, 0, 0, 0, 0, 0, 0, 0, 124, 124, 125, 126, 127, 128, 130, 130, 131, 131, 132, 132, 132, 132, 132, 133, 134, 134, 134, 134, 135, 135, 135, 135, 135, 135, 135, 135, 135, 135, 135, 136, 138, 138, 138, 138, 138, 138, 138, 138, 138, 138, 138, 138, 138, 138, 138, 137, 135, 135, 135, 135, 135, 135, 135, 135, 135, 135, 135, 135, 135, 135, 135, 135, 135, 135, 135, 134, 134, 133, 133, 133, 133, 132, 132, 132, 132, 132, 132, 131, 130, 129, 129, 129, 129, 129, 129, 129, 129, 129, 129, 129, 129, 129, 129, 130, 130, 131, 131, 131, 131, 131, 131, 131, 132, 132, 132, 132, 132, 132, 132, 132]
[285.0, 0, 0, 0, 0, 0, 0, 0, 0, 0, 0, 0, 0, 0, 0, 0, 0, 0, 0, 0, 0, 0, 0, 0, 0, 0, 0, 0, 0, 0, 0, 0, 0, 0, 0, 0, 0, 0, 0, 0, 0, 0, 0, 0, 0, 0, 0, 0, 0, 0, 0, 0, 0, 0, 0, 0, 0, 0, 0, 0, 0, 0, 0, 0, 0, 0, 0, 0, 0, 0, 0, 0, 0, 0, 0, 0, 0, 0, 0, 0, 0, 0, 0, 0, 0, 0, 0, 0, 0, 0, 0, 135, 138, 139, 139, 140, 142, 143, 143, 144, 145, 146, 146, 147, 147, 148, 148, 148, 148, 148, 148, 149, 149, 150, 150, 150, 150, 150, 150, 151, 151, 151, 151, 151, 151, 151, 151, 151, 151, 151, 151, 151, 151, 151, 151, 151, 151, 151, 151, 151, 151, 151, 151, 151, 151, 151, 151, 151, 151, 151, 151, 151, 151, 151, 151, 151, 151, 150, 150, 150, 150, 175, 175, 175, 175, 175, 175, 175, 175, 148, 148, 148, 148, 148, 148, 147, 147, 144, 143, 143, 143, 143, 143, 143, 143, 143, 143, 143, 143, 143, 143, 143, 143, 143, 143, 144, 144, 146, 146, 147, 147, 147, 147, 148, 148, 148, 148, 148, 148, 149, 149, 149, 149, 150, 150, 151, 151, 151, 151, 151, 151, 151, 151, 151, 151, 151, 153, 153, 153, 154, 154, 154, 154, 155, 155, 156, 156, 156, 156, 156, 156, 157, 157, 158, 158, 158, 158, 159, 159, 159, 159, 159, 159, 159, 159, 159, 159, 159, 159, 159, 159, 159, 159, 159, 159, 159, 159, 159, 159, 159, 159, 159, 159, 159, 159, 159, 159, 159, 159, 159, 158, 158, 157, 157, 157, 157, 157, 156, 157, 157, 159, 159, 159, 159, 167, 167, 167, 167, 167, 167, 159, 191, 191, 191, 191, 199, 207, 207, 215, 215, 223, 223, 223, 0, 0, 0, 0, 0, 0, 0, 0]
[292.5, 0, 0, 0, 0, 0, 0, 0, 0, 0, 0, 0, 0, 0, 0, 0, 0, 0, 0, 0, 0, 0, 0, 0, 0, 0, 0, 0, 0, 0, 0, 0, 0, 0, 0, 0, 0, 0, 0, 0, 0, 0, 0, 0, 0, 0, 0, 0, 0, 0, 0, 0, 0, 0, 0, 0, 0, 0, 0, 127, 127, 130, 130, 131, 133, 136, 137, 138, 138, 139, 139, 139, 140, 140, 140, 141, 141, 141, 141, 141, 141, 143, 143, 143, 143, 143, 143, 143, 143, 143, 143, 143, 143, 143, 143, 143, 143, 143, 144, 144, 144, 144, 144, 144, 144, 144, 144, 144, 144, 144, 144, 144, 143, 143, 143, 143, 143, 143, 143, 143, 143, 143, 143, 143, 143, 143, 143, 143, 143, 143, 142, 141, 141, 141, 141, 141, 141, 141, 140, 140, 140, 140, 140, 139, 139, 136, 135, 135, 135, 135, 135, 135, 135, 135, 135, 135, 135, 135, 135, 135, 135, 138, 138, 138, 138, 139, 139, 139, 139, 139, 139, 140, 140, 140, 140, 140, 140, 141, 141, 141, 141, 142, 142, 143, 143, 143, 143, 143, 143, 143, 143, 143, 143, 145, 145, 146, 146, 146, 146, 147, 147, 147, 147, 148, 148, 149, 149, 149, 149, 149, 150, 150, 150, 151, 151, 151, 151, 151, 151, 151, 151, 151, 151, 151, 151, 151, 151, 151, 151, 151, 151, 151, 151, 151, 151, 151, 151, 151, 151, 151, 151, 151, 151, 151, 151, 151, 151, 151, 151, 151, 151, 151, 151, 150, 150, 149, 149, 150, 150, 150, 150, 150, 159, 159, 159, 159, 159, 159, 150, 150, 183, 183, 183, 191, 199, 202, 205, 207, 215, 215, 215, 231, 231, 231, 231, 231, 231, 231, 231, 145, 0, 0, 0, 0, 0, 0, 0, 0, 0, 0, 0, 0, 0, 0, 0, 0, 0, 0, 0, 0, 0, 0, 0, 0, 0, 0, 0, 0, 0, 0, 0]
[300.0, 0, 0, 0, 0, 0, 0, 0, 0, 0, 0, 0, 0, 0, 0, 0, 0, 0, 0, 0, 0, 0, 0, 0, 0, 0, 0, 0, 0, 0, 0, 0, 0, 0, 0, 0, 0, 0, 0, 0, 0, 0, 0, 0, 0, 0, 0, 0, 0, 0, 0, 0, 0, 0, 0, 0, 0, 0, 0, 0, 0, 0, 0, 0, 0, 0, 0, 0, 0, 0, 0, 0, 0, 0, 0, 0, 0, 0, 0, 0, 0, 0, 0, 0, 0, 0, 0, 0, 0, 0, 0, 0, 0, 135, 135, 135, 141, 145, 146, 147, 148, 149, 150, 151, 151, 151, 151, 151, 151, 151, 151, 151, 152, 155, 155, 155, 155, 155, 155, 156, 156, 156, 156, 156, 156, 157, 157, 157, 157, 158, 158, 158, 158, 157, 157, 157, 157, 157, 157, 157, 157, 157, 157, 157, 157, 157, 157, 156, 156, 156, 156, 156, 156, 156, 156, 156, 156, 156, 156, 156, 156, 155, 154, 154, 154, 153, 153, 153, 153, 151, 151, 151, 151, 151, 151, 151, 151, 151, 150, 149, 149, 149, 149, 149, 149, 149, 149, 149, 149, 149, 149, 150, 150, 151, 151, 151, 151, 151, 151, 151, 151, 151, 151, 151, 151, 151, 151, 151, 151, 154, 155, 155, 155, 155, 155, 156, 156, 156, 156, 157, 157, 157, 157, 158, 159, 159, 159, 159, 159, 159, 159, 159, 159, 159, 159, 159, 159, 159, 159, 159, 160, 162, 162, 163, 163, 163, 163, 163, 163, 163, 163, 164, 164, 164, 164, 164, 164, 167, 167, 167, 167, 167, 167, 167, 167, 167, 167, 167, 167, 167, 167, 167, 167, 165, 165, 165, 165, 164, 164, 164, 164, 164, 164, 163, 163, 163, 163, 163, 162, 159, 151, 151, 151, 151, 151, 167, 167, 167, 167, 151, 151, 151, 191, 191, 191, 199, 207, 207, 207, 207, 223, 223, 223, 0, 0, 0, 0, 0, 0, 0, 0]
[307.5, 0, 0, 0, 0, 0, 0, 0, 0, 0, 0, 0, 0, 0, 0, 0, 0, 0, 0, 0, 0, 0, 0, 0, 0, 0, 0, 0, 0, 0, 0, 0, 0, 0, 0, 0, 0, 0, 0, 0, 0, 0, 0, 0, 0, 0, 0, 0, 0, 0, 0, 0, 0, 0, 0, 0, 0, 0, 0, 0, 0, 0, 0, 0, 0, 0, 0, 0, 0, 0, 0, 0, 0, 0, 0, 0, 0, 0, 0, 0, 0, 0, 0, 0, 0, 0, 0, 0, 0, 0, 0, 0, 0, 0, 0, 0, 137, 144, 147, 148, 148, 150, 151, 151, 151, 151, 151, 151, 151, 153, 153, 153, 154, 155, 156, 156, 156, 156, 156, 156, 156, 157, 157, 158, 158, 158, 158, 159, 159, 159, 159, 159, 159, 159, 159, 159, 159, 159, 159, 159, 159, 159, 159, 159, 159, 157, 157, 157, 157, 157, 157, 157, 157, 157, 157, 157, 157, 157, 157, 157, 156, 156, 156, 156, 156, 155, 155, 155, 155, 155, 154, 154, 154, 154, 154, 153, 152, 151, 151, 151, 151, 151, 151, 151, 151, 151, 151, 151, 151, 151, 151, 151, 151, 152, 153, 153, 153, 153, 153, 153, 153, 153, 153, 153, 153, 154, 154, 154, 154, 156, 157, 157, 157, 158, 158, 158, 158, 159, 159, 159, 159, 159, 159, 159, 159, 159, 159, 159, 159, 159, 159, 159, 159, 161, 161, 161, 161, 162, 162, 162, 162, 164, 164, 164, 164, 164, 164, 164, 164, 165, 165, 165, 165, 165, 165, 166, 167, 167, 167, 167, 167, 167, 167, 167, 167, 167, 167, 167, 167, 167, 167, 167, 167, 167, 167, 167, 167, 167, 167, 166, 166, 165, 165, 165, 165, 164, 164, 164, 162, 151, 151, 159, 159, 159, 167, 167, 167, 167, 167, 167, 150, 149, 191, 191, 191, 199, 207, 207, 215, 215, 223, 223, 223, 0, 0, 0, 0, 0, 0, 0, 0]
[315.0, 0, 0, 0, 0, 0, 0, 0, 0, 0, 0, 0, 0, 0, 0, 0, 0, 0, 0, 0, 0, 0, 0, 0, 0, 0, 0, 0, 0, 0, 0, 0, 0, 0, 0, 0, 0, 0, 0, 0, 0, 0, 0, 0, 0, 0, 0, 0, 0, 0, 0, 0, 0, 0, 0, 0, 0, 0, 0, 0, 0, 0, 0, 0, 0, 0, 0, 0, 0, 0, 0, 0, 0, 0, 0, 0, 0, 0, 0, 0, 0, 0, 0, 0, 0, 0, 0, 0, 0, 0, 0, 0, 0, 0, 0, 0, 0, 138, 139, 140, 141, 146, 148, 151, 151, 151, 151, 151, 151, 153, 153, 153, 154, 155, 156, 156, 156, 157, 157, 158, 158, 159, 159, 159, 159, 159, 159, 159, 159, 159, 159, 159, 159, 159, 159, 159, 159, 159, 159, 159, 159, 159, 159, 159, 159, 159, 159, 159, 159, 159, 159, 159, 159, 159, 159, 159, 159, 159, 159, 159, 159, 158, 157, 157, 157, 156, 156, 156, 156, 155, 155, 155, 155, 155, 155, 154, 154, 151, 151, 151, 151, 151, 151, 151, 151, 151, 151, 151, 151, 151, 151, 151, 151, 153, 154, 154, 154, 154, 154, 155, 155, 155, 155, 155, 155, 155, 155, 155, 156, 159, 159, 159, 159, 159, 159, 159, 159, 159, 159, 159, 159, 159, 159, 159, 159, 159, 159, 160, 160, 161, 161, 161, 161, 162, 162, 162, 162, 163, 163, 163, 163, 166, 167, 167, 167, 167, 167, 167, 167, 167, 167, 167, 167, 167, 167, 167, 167, 167, 167, 167, 167, 167, 167, 167, 167, 167, 167, 167, 167, 167, 167, 167, 167, 167, 167, 167, 167, 167, 167, 167, 167, 167, 167, 167, 167, 167, 167, 167, 164, 159, 159, 159, 159, 159, 167, 167, 167, 167, 167, 167, 147, 146, 191, 191, 191, 199, 207, 207, 215, 215, 223, 231, 231, 0, 0, 0, 0, 0, 0, 0, 0]
[322.5, 0, 0, 0, 0, 0, 0, 0, 0, 0, 0, 0, 0, 0, 0, 0, 0, 0, 0, 0, 0, 0, 0, 0, 0, 0, 0, 0, 0, 0, 0, 0, 0, 0, 0, 0, 0, 0, 0, 0, 0, 0, 0, 0, 0, 0, 0, 0, 0, 0, 0, 0, 0, 0, 0, 0, 0, 0, 0, 0, 0, 0, 0, 0, 0, 0, 0, 0, 0, 0, 0, 0, 0, 0, 0, 0, 0, 0, 0, 0, 0, 0, 0, 0, 0, 0, 0, 0, 0, 0, 0, 0, 0, 0, 0, 0, 0, 0, 0, 0, 135, 137, 138, 138, 139, 140, 141, 142, 142, 142, 142, 143, 143, 159, 161, 161, 161, 162, 162, 162, 162, 162, 162, 163, 163, 163, 163, 163, 163, 164, 164, 164, 164, 164, 164, 164, 164, 164, 164, 164, 164, 164, 164, 164, 163, 163, 163, 163, 163, 163, 163, 163, 163, 163, 163, 163, 163, 163, 163, 163, 162, 162, 161, 160, 160, 160, 160, 159, 159, 159, 159, 159, 159, 159, 159, 159, 159, 159, 158, 157, 157, 156, 156, 109, 109, 109, 108, 156, 156, 157, 157, 158, 158, 159, 159, 159, 159, 159, 159, 159, 159, 159, 159, 159, 159, 159, 159, 159, 159, 159, 161, 161, 161, 162, 162, 162, 162, 163, 163, 163, 163, 164, 164, 164, 164, 167, 167, 167, 167, 167, 167, 167, 167, 167, 167, 167, 167, 167, 167, 167, 167, 167, 169, 169, 169, 170, 170, 170, 170, 171, 171, 171, 171, 172, 172, 172, 172, 171, 171, 171, 171, 171, 171, 171, 171, 171, 171, 171, 171, 171, 171, 171, 171, 173, 173, 172, 172, 171, 171, 170, 170, 169, 169, 168, 168, 143, 143, 143, 143, 151, 151, 151, 151, 151, 167, 167, 167, 175, 175, 183, 183, 191, 191, 191, 191, 207, 207, 207, 215, 215, 223, 223, 223, 0, 0, 0, 0, 0, 0, 0, 0]
[330.0, 0, 0, 0, 0, 0, 0, 0, 0, 0, 0, 0, 0, 0, 0, 0, 0, 0, 0, 0, 0, 0, 0, 0, 0, 0, 0, 0, 0, 0, 0, 0, 0, 0, 0, 0, 0, 0, 0, 0, 0, 0, 0, 0, 0, 0, 0, 0, 0, 0, 0, 0, 0, 0, 0, 0, 0, 0, 0, 0, 0, 0, 0, 0, 0, 0, 0, 0, 0, 0, 0, 0, 0, 0, 0, 0, 0, 0, 0, 0, 0, 0, 0, 0, 0, 0, 0, 0, 0, 0, 0, 0, 0, 0, 0, 0, 0, 0, 0, 0, 135, 137, 138, 138, 139, 140, 141, 142, 142, 143, 143, 159, 159, 159, 160, 160, 160, 160, 160, 160, 160, 160, 160, 160, 160, 160, 160, 160, 162, 163, 164, 164, 164, 164, 164, 164, 164, 164, 164, 164, 164, 164, 164, 164, 164, 163, 163, 163, 163, 163, 163, 163, 163, 163, 163, 163, 163, 163, 163, 163, 163, 163, 162, 162, 162, 161, 161, 161, 161, 159, 159, 159, 159, 159, 159, 159, 159, 159, 158, 157, 157, 156, 156, 109, 109, 109, 109, 156, 156, 157, 157, 158, 159, 159, 159, 159, 159, 159, 159, 159, 159, 159, 159, 159, 159, 159, 159, 159, 159, 161, 161, 161, 161, 162, 162, 162, 162, 163, 163, 163, 163, 164, 164, 164, 164, 167, 167, 167, 167, 167, 167, 167, 167, 167, 167, 167, 167, 167, 167, 167, 167, 167, 167, 168, 168, 169, 169, 169, 169, 170, 170, 170, 170, 171, 171, 171, 171, 171, 171, 171, 171, 171, 171, 171, 171, 171, 171, 171, 171, 171, 171, 171, 171, 173, 173, 172, 172, 171, 171, 170, 170, 169, 169, 168, 168, 167, 167, 167, 147, 151, 151, 151, 151, 151, 167, 167, 167, 175, 175, 183, 183, 191, 191, 191, 191, 199, 207, 207, 215, 215, 223, 223, 223, 231, 231, 0, 0, 0, 0, 0, 0]
[337.5, 0, 0, 0, 0, 0, 0, 0, 0, 0, 0, 0, 0, 0, 0, 0, 0, 0, 0, 0, 0, 0, 0, 0, 0, 0, 0, 0, 0, 0, 0, 0, 0, 0, 0, 0, 0, 0, 0, 0, 0, 0, 0, 0, 0, 0, 0, 0, 0, 0, 0, 0, 0, 0, 0, 0, 0, 0, 0, 0, 0, 0, 0, 0, 0, 0, 0, 0, 0, 0, 0, 0, 0, 0, 0, 0, 0, 0, 0, 0, 0, 0, 0, 0, 0, 0, 0, 0, 0, 0, 0, 0, 0, 0, 0, 0, 0, 0, 0, 0, 0, 135, 135, 135, 135, 138, 139, 139, 140, 140, 140, 141, 141, 159, 159, 160, 160, 161, 161, 161, 161, 162, 162, 162, 162, 163, 163, 163, 163, 164, 164, 164, 164, 164, 164, 164, 164, 164, 164, 164, 164, 164, 164, 164, 164, 164, 164, 164, 164, 164, 164, 164, 164, 164, 164, 164, 164, 164, 164, 164, 164, 164, 163, 163, 163, 162, 162, 162, 162, 161, 161, 161, 161, 160, 160, 159, 159, 159, 108, 109, 109, 109, 109, 109, 109, 109, 109, 109, 108, 108, 108, 108, 106, 159, 160, 160, 160, 160, 160, 160, 160, 160, 160, 160, 160, 160, 160, 160, 160, 159, 128, 129, 129, 160, 160, 161, 161, 162, 162, 163, 163, 164, 164, 165, 165, 167, 167, 167, 167, 167, 167, 167, 167, 167, 167, 167, 167, 167, 167, 167, 167, 167, 167, 167, 167, 168, 168, 169, 169, 170, 170, 171, 171, 172, 172, 173, 173, 172, 172, 172, 172, 172, 172, 172, 172, 172, 172, 172, 172, 172, 172, 172, 172, 170, 170, 170, 170, 170, 170, 170, 170, 170, 170, 170, 170, 170, 170, 170, 141, 151, 151, 159, 159, 159, 167, 167, 167, 175, 175, 183, 183, 191, 191, 191, 191, 207, 207, 207, 215, 223, 223, 223, 231, 0, 0, 0, 0, 0, 0, 0, 0]
[345.0, 0, 0, 0, 0, 0, 0, 0, 0, 0, 0, 0, 0, 0, 0, 0, 0, 0, 0, 0, 0, 0, 0, 0, 0, 0, 0, 0, 0, 0, 0, 0, 0, 0, 0, 0, 0, 0, 0, 0, 0, 0, 0, 0, 0, 0, 0, 0, 0, 0, 0, 0, 0, 0, 0, 0, 0, 0, 0, 0, 0, 0, 0, 0, 0, 0, 0, 0, 0, 0, 0, 0, 0, 0, 0, 0, 0, 0, 0, 0, 0, 0, 0, 0, 0, 0, 0, 0, 0, 0, 0, 0, 0, 0, 0, 0, 0, 0, 0, 0, 0, 0, 0, 0, 0, 135, 135, 135, 135, 137, 138, 138, 139, 140, 140, 140, 140, 141, 141, 141, 141, 142, 142, 142, 142, 142, 142, 142, 167, 167, 167, 167, 167, 167, 167, 167, 167, 167, 167, 167, 167, 167, 167, 167, 167, 167, 167, 167, 167, 167, 167, 167, 167, 167, 167, 167, 167, 167, 167, 167, 167, 167, 167, 167, 167, 166, 166, 164, 164, 163, 163, 162, 162, 162, 162, 161, 160, 108, 108, 108, 108, 109, 109, 109, 109, 109, 109, 108, 108, 108, 107, 107, 0, 0, 0, 0, 0, 0, 0, 0, 0, 0, 0, 119, 119, 119, 119, 119, 122, 123, 123, 124, 125, 126, 126, 126, 127, 127, 127, 127, 129, 130, 131, 132, 131, 167, 167, 167, 167, 167, 167, 167, 167, 167, 167, 167, 167, 167, 167, 167, 135, 138, 139, 139, 139, 137, 137, 175, 175, 175, 175, 175, 175, 175, 175, 175, 175, 175, 175, 175, 175, 175, 175, 175, 175, 175, 175, 175, 175, 175, 175, 175, 175, 175, 175, 175, 175, 175, 175, 175, 175, 175, 175, 175, 175, 175, 175, 175, 151, 151, 151, 151, 151, 151, 167, 167, 167, 175, 175, 183, 183, 191, 191, 191, 191, 207, 207, 207, 207, 215, 223, 231, 231, 0, 0, 0, 0, 0, 0, 0, 0]
[352.5, 0, 0, 0, 0, 0, 0, 0, 0, 0, 0, 0, 0, 0, 0, 0, 0, 0, 0, 0, 0, 0, 0, 0, 0, 0, 0, 0, 0, 0, 0, 0, 0, 0, 0, 0, 0, 0, 0, 0, 0, 0, 0, 0, 0, 0, 0, 0, 0, 0, 0, 0, 0, 0, 0, 0, 0, 0, 0, 0, 0, 0, 0, 0, 0, 0, 0, 0, 0, 0, 0, 0, 0, 0, 0, 0, 0, 0, 0, 0, 0, 0, 0, 0, 0, 0, 0, 0, 0, 0, 0, 0, 0, 0, 0, 0, 0, 0, 0, 0, 0, 0, 0, 130, 131, 132, 133, 134, 135, 135, 135, 135, 136, 138, 159, 159, 159, 159, 159, 159, 159, 159, 159, 159, 159, 159, 159, 159, 159, 163, 163, 163, 163, 163, 163, 163, 163, 163, 163, 163, 163, 163, 163, 163, 163, 163, 163, 163, 163, 163, 163, 163, 163, 163, 163, 163, 163, 163, 163, 163, 162, 161, 160, 160, 160, 160, 160, 160, 160, 160, 160, 160, 160, 160, 160, 160, 159, 158, 157, 157, 157, 157, 157, 157, 157, 157, 157, 157, 157, 157, 157, 157, 157, 157, 0, 0, 0, 0, 0, 0, 0, 117, 117, 119, 119, 119, 119, 119, 121, 127, 127, 127, 123, 124, 124, 125, 125, 125, 126, 126, 127, 127, 127, 127, 129, 163, 167, 167, 167, 167, 167, 167, 167, 167, 167, 167, 167, 167, 167, 167, 167, 167, 167, 167, 167, 167, 167, 167, 167, 168, 168, 170, 170, 170, 170, 171, 171, 170, 170, 170, 170, 170, 170, 170, 170, 170, 170, 170, 170, 170, 170, 170, 170, 171, 171, 170, 170, 170, 170, 168, 168, 119, 119, 127, 127, 135, 135, 143, 143, 151, 151, 151, 151, 151, 0, 167, 167, 175, 175, 0, 0, 191, 191, 191, 191, 207, 207, 207, 215, 231, 231, 231, 231, 0, 0, 0, 0, 0, 0, 0, 0]